time	accel_ms2
0	-0.000137311
0.005	-0.000147388
0.01	-0.000155442
0.015	-0.000159587
0.02	-0.000160375
0.025	-0.000161923
0.03	-0.000170201
0.035	-0.000188464
0.04	-0.000212457
0.045	-0.000230028
0.05	-0.000229011
0.055	-0.000208836
0.06	-0.000183768
0.065	-0.000173848
0.07	-0.000192194
0.075	-0.000235992
0.08	-0.000285515
0.085	-0.000314276
0.09	-0.000303577
0.095	-0.000251718
0.1	-0.000176793
0.105	-0.000108824
0.11	-8.08e-05
0.115	-0.000120187
0.12	-0.000230495
0.125	-0.00037024
0.13	-0.000458214
0.135	-0.000429477
0.14	-0.000303598
0.145	-0.00017823
0.15	-0.000143866
0.155	-0.00021178
0.16	-0.000316826
0.165	-0.00038225
0.17	-0.000375174
0.175	-0.000304767
0.18	-0.000219655
0.185	-0.000198006
0.19	-0.000280965
0.195	-0.000426174
0.2	-0.00055579
0.205	-0.00063215
0.21	-0.000671772
0.215	-0.000709
0.22	-0.000745495
0.225	-0.000735796
0.23	-0.000620795
0.235	-0.00040068
0.24	-0.000180448
0.245	-0.000124587
0.25	-0.000302385
0.255	-0.000586459
0.26	-0.000747238
0.265	-0.000635568
0.27	-0.000278914
0.275	0.000148617
0.28	0.000473683
0.285	0.000635554
0.29	0.000666093
0.295	0.000610626
0.3	0.000481861
0.305	0.00027918
0.31	2.62e-05
0.315	-0.00024339
0.32	-0.000558007
0.325	-0.00097919
0.33	-0.00141625
0.335	-0.001617247
0.34	-0.001412789
0.345	-0.000847749
0.35	-0.00012099
0.355	0.000518694
0.36	0.000931494
0.365	0.001152093
0.37	0.001274724
0.375	0.001294351
0.38	0.001065767
0.385	0.000441282
0.39	-0.000514007
0.395	-0.001454001
0.4	-0.001994191
0.405	-0.002044472
0.41	-0.001771898
0.415	-0.00131475
0.42	-0.000689334
0.425	9.34e-05
0.43	0.000887516
0.435	0.001489207
0.44	0.001768795
0.445	0.001686798
0.45	0.001278783
0.455	0.000689763
0.46	0.000192574
0.465	4.33e-05
0.47	0.000177347
0.475	0.000159407
0.48	-0.000326565
0.485	-0.001037777
0.49	-0.001363955
0.495	-0.000892907
0.5	0.000219862
0.505	0.001296255
0.51	0.001652852
0.515	0.001145554
0.52	0.000289569
0.525	-0.000118633
0.53	0.000312245
0.535	0.001189219
0.54	0.001737092
0.545	0.001478542
0.55	0.000569326
0.555	-0.000373257
0.56	-0.000801817
0.565	-0.00061433
0.57	-3.98e-05
0.575	0.000487624
0.58	0.000453347
0.585	-0.000255053
0.59	-0.001067508
0.595	-0.001210207
0.6	-0.000492661
0.605	0.000400421
0.61	0.000364196
0.615	-0.001081076
0.62	-0.003129241
0.625	-0.004241097
0.63	-0.003462519
0.635	-0.001195525
0.64	0.001266368
0.645	0.002845059
0.65	0.003294958
0.655	0.003018268
0.66	0.002563043
0.665	0.002278053
0.67	0.002261502
0.675	0.002467287
0.68	0.002788685
0.685	0.003052598
0.69	0.003004877
0.695	0.002412271
0.7	0.001303838
0.705	0.000159901
0.71	-0.000266777
0.715	0.000414515
0.72	0.001763061
0.725	0.002855196
0.73	0.00295925
0.735	0.001946794
0.74	0.000341683
0.745	-0.00099866
0.75	-0.001522474
0.755	-0.001432375
0.76	-0.001418967
0.765	-0.001934437
0.77	-0.002552639
0.775	-0.002311851
0.78	-0.000822237
0.785	0.001323573
0.79	0.0031617
0.795	0.003976144
0.8	0.003444375
0.805	0.001632963
0.81	-0.00089353
0.815	-0.003076333
0.82	-0.003887738
0.825	-0.003102852
0.83	-0.001403474
0.835	0.000173648
0.84	0.000847055
0.845	0.000628775
0.85	0.000281009
0.855	0.000509063
0.86	0.001292514
0.865	0.002158554
0.87	0.002789372
0.875	0.003202976
0.88	0.003492781
0.885	0.003496784
0.89	0.002781584
0.895	0.001059999
0.9	-0.001243992
0.905	-0.002897314
0.91	-0.002677429
0.915	-0.000556085
0.92	0.002092488
0.925	0.003473759
0.93	0.002499737
0.935	-0.000592422
0.94	-0.004267863
0.945	-0.006502508
0.95	-0.006076693
0.955	-0.003426632
0.96	-0.000451146
0.965	0.00074956
0.97	-0.000535623
0.975	-0.003061441
0.98	-0.004663195
0.985	-0.004019759
0.99	-0.00154322
0.995	0.001267535
1	0.003172852
1.005	0.003877759
1.01	0.003738514
1.015	0.003151547
1.02	0.002267672
1.025	0.001182881
1.03	0.000255052
1.035	4.85e-05
1.04	0.000757552
1.045	0.001803642
1.05	0.002315549
1.055	0.001911563
1.06	0.000986831
1.065	0.000321736
1.07	0.000290294
1.075	0.000501216
1.08	0.000368034
1.085	-0.000269622
1.09	-0.001257345
1.095	-0.002481284
1.1	-0.003788172
1.105	-0.004725272
1.11	-0.004609045
1.115	-0.003190377
1.12	-0.001130755
1.125	0.00050344
1.13	0.001219974
1.135	0.001325185
1.14	0.001159737
1.145	0.000516276
1.15	-0.000855163
1.155	-0.002523407
1.16	-0.0035453
1.165	-0.003276812
1.17	-0.0017376
1.175	0.000561709
1.18	0.002794696
1.185	0.004102568
1.19	0.003866705
1.195	0.001930043
1.2	-0.00111814
1.205	-0.003878661
1.21	-0.004805852
1.215	-0.003376707
1.22	-0.000620881
1.225	0.001646713
1.23	0.002256927
1.235	0.001456509
1.24	0.000477227
1.245	0.000385369
1.25	0.001299783
1.255	0.002664783
1.26	0.003841926
1.265	0.004315824
1.27	0.003662348
1.275	0.001694927
1.28	-0.001141036
1.285	-0.003603493
1.29	-0.004314565
1.295	-0.002957466
1.3	-0.000744403
1.305	0.000533226
1.31	7.77e-05
1.315	-0.001304532
1.32	-0.002144281
1.325	-0.001737737
1.33	-0.000493053
1.335	0.000774693
1.34	0.001334192
1.345	0.000725776
1.35	-0.000759758
1.355	-0.001941465
1.36	-0.001647669
1.365	4.72e-05
1.37	0.001759123
1.375	0.002051644
1.38	0.000627098
1.385	-0.001543916
1.39	-0.003136701
1.395	-0.003523199
1.4	-0.002851882
1.405	-0.001481709
1.41	0.000226512
1.415	0.001739564
1.42	0.002297017
1.425	0.001473185
1.43	-0.000198482
1.435	-0.001406049
1.44	-0.001186627
1.445	-4.07e-05
1.45	0.000436431
1.455	-0.000767573
1.46	-0.002924922
1.465	-0.004147974
1.47	-0.003118824
1.475	-0.000264154
1.48	0.002614796
1.485	0.003746684
1.49	0.002558711
1.495	-2.12e-05
1.5	-0.002128353
1.505	-0.002224325
1.51	-0.000295111
1.515	0.002206666
1.52	0.003598531
1.525	0.003104264
1.53	0.001185503
1.535	-0.000856132
1.54	-0.001745974
1.545	-0.001007831
1.55	0.000856185
1.555	0.002696337
1.56	0.003475253
1.565	0.002901026
1.57	0.001499438
1.575	0.000192477
1.58	-0.000373089
1.585	-0.000171565
1.59	0.000485768
1.595	0.001164448
1.6	0.001375654
1.605	0.000992068
1.61	0.000459882
1.615	0.000310597
1.62	0.000575609
1.625	0.000810366
1.63	0.000352035
1.635	-0.001272406
1.64	-0.003646778
1.645	-0.005425364
1.65	-0.005325241
1.655	-0.003159295
1.66	-5.23e-05
1.665	0.002344295
1.67	0.00304773
1.675	0.002273731
1.68	0.000972791
1.685	-8.57e-05
1.69	-0.00074422
1.695	-0.001029011
1.7	-0.000844847
1.705	-0.00019444
1.71	0.000635968
1.715	0.001206444
1.72	0.001390784
1.725	0.001481646
1.73	0.001598979
1.735	0.001291774
1.74	0.00010243
1.745	-0.001717113
1.75	-0.003324231
1.755	-0.003962847
1.76	-0.003266238
1.765	-0.001314786
1.77	0.001056106
1.775	0.002464741
1.78	0.002026835
1.785	0.000205393
1.79	-0.001404697
1.795	-0.001370759
1.8	0.000228074
1.805	0.001878124
1.81	0.002096667
1.815	0.000723967
1.82	-0.001043472
1.825	-0.001819726
1.83	-0.001296837
1.835	-0.000249573
1.84	0.000478002
1.845	0.000566679
1.85	0.000155972
1.855	-0.000274673
1.86	-0.000306272
1.865	-9.76e-05
1.87	-0.000316153
1.875	-0.001462897
1.88	-0.003060464
1.885	-0.003806729
1.89	-0.002793294
1.895	-0.000388981
1.9	0.002140809
1.905	0.00376385
1.91	0.004314839
1.915	0.004246235
1.92	0.004014304
1.925	0.003693672
1.93	0.003066402
1.935	0.002045258
1.94	0.001022853
1.945	0.000721888
1.95	0.001485075
1.955	0.00275102
1.96	0.003468525
1.965	0.00293305
1.97	0.001294766
1.975	-0.000518137
1.98	-0.001439196
1.985	-0.000951002
1.99	0.000703561
1.995	0.00271566
2	0.004225888
2.005	0.00469459
2.01	0.003934575
2.015	0.002128077
2.02	-6.18e-05
2.025	-0.001602877
2.03	-0.001772105
2.035	-0.000898539
2.04	-9.36e-05
2.045	-0.000179675
2.05	-0.001170934
2.055	-0.002541506
2.06	-0.003623748
2.065	-0.003936211
2.07	-0.003175315
2.075	-0.001236756
2.08	0.001286607
2.085	0.003050504
2.09	0.002842529
2.095	0.000540976
2.1	-0.002670808
2.105	-0.005058987
2.11	-0.00555052
2.115	-0.00434877
2.12	-0.002565624
2.125	-0.001258551
2.13	-0.000730699
2.135	-0.000639519
2.14	-0.000528265
2.145	-0.000306512
2.15	-0.000275044
2.155	-0.000726026
2.16	-0.001442583
2.165	-0.001892772
2.17	-0.001981592
2.175	-0.002128362
2.18	-0.002618615
2.185	-0.003177214
2.19	-0.003198977
2.195	-0.002529579
2.2	-0.001784606
2.205	-0.001567913
2.21	-0.001516994
2.215	-0.000658487
2.22	0.001202448
2.225	0.002923752
2.23	0.002956298
2.235	0.000672324
2.24	-0.002987631
2.245	-0.005971904
2.25	-0.006354784
2.255	-0.003447015
2.26	0.00172355
2.265	0.00674151
2.27	0.008887973
2.275	0.006525348
2.28	0.000157473
2.285	-0.007490477
2.29	-0.01253136
2.295	-0.01195451
2.3	-0.005606843
2.305	0.003414142
2.31	0.010389311
2.315	0.011602633
2.32	0.006391996
2.325	-0.00249202
2.33	-0.010219777
2.335	-0.012284499
2.34	-0.007000739
2.345	0.003536578
2.35	0.014575065
2.355	0.021022829
2.36	0.019910532
2.365	0.011978361
2.37	0.001366018
2.375	-0.006776037
2.38	-0.009561656
2.385	-0.008230312
2.39	-0.006687001
2.395	-0.007789808
2.4	-0.010899925
2.405	-0.012889576
2.41	-0.011204407
2.415	-0.006097953
2.42	-0.000450805
2.425	0.002468667
2.43	0.001407699
2.435	-0.002090235
2.44	-0.004830972
2.445	-0.00400508
2.45	0.001346994
2.455	0.010042129
2.46	0.019250531
2.465	0.025117363
2.47	0.023745506
2.475	0.013235888
2.48	-0.004004658
2.485	-0.020883977
2.49	-0.028540802
2.495	-0.021345283
2.5	-0.001090393
2.505	0.023026932
2.51	0.03927327
2.515	0.039823678
2.52	0.025055956
2.525	0.003131145
2.53	-0.0150238
2.535	-0.02164205
2.54	-0.01533006
2.545	-0.000724175
2.55	0.014446543
2.555	0.022946361
2.56	0.02059066
2.565	0.007340795
2.57	-0.012995775
2.575	-0.034078221
2.58	-0.048703648
2.585	-0.050987693
2.59	-0.038960962
2.595	-0.015819246
2.6	0.011484916
2.605	0.035614847
2.61	0.051804674
2.615	0.057997702
2.62	0.052738139
2.625	0.034917225
2.63	0.006853118
2.635	-0.023480859
2.64	-0.045275923
2.645	-0.051280692
2.65	-0.042160351
2.655	-0.024943776
2.66	-0.007247411
2.665	0.007722897
2.67	0.021027691
2.675	0.032763324
2.68	0.037274942
2.685	0.025202347
2.69	-0.007892079
2.695	-0.053676336
2.7	-0.091382526
2.705	-0.097742733
2.71	-0.060407496
2.715	0.013233258
2.72	0.096747471
2.725	0.15553461
2.73	0.16311616
2.735	0.11428672
2.74	0.027945796
2.745	-0.06174446
2.75	-0.1208368
2.755	-0.12986848
2.76	-0.09102977
2.765	-0.026067983
2.77	0.034317099
2.775	0.064696582
2.78	0.055329029
2.785	0.014404666
2.79	-0.037313997
2.795	-0.075984356
2.8	-0.084643651
2.805	-0.060044389
2.81	-0.012925915
2.815	0.038217196
2.82	0.075350865
2.825	0.087272627
2.83	0.072762214
2.835	0.039773986
2.84	0.001473679
2.845	-0.028573135
2.85	-0.040466433
2.855	-0.031254001
2.86	-0.006875125
2.865	0.018980545
2.87	0.030194961
2.875	0.01652288
2.88	-0.019557227
2.885	-0.062513665
2.89	-0.090972394
2.895	-0.088840777
2.9	-0.05413466
2.905	-4.56e-05
2.91	0.052571121
2.915	0.086143931
2.92	0.093542198
2.925	0.078491038
2.93	0.051616235
2.935	0.025688334
2.94	0.011266156
2.945	0.013122992
2.95	0.028141322
2.955	0.045431368
2.96	0.050047815
2.965	0.03037443
2.97	-0.01482131
2.975	-0.074557116
2.98	-0.13029629
2.985	-0.16433843
2.99	-0.16674376
2.995	-0.13741317
3	-0.083852293
3.005	-0.017462836
3.01	0.049160495
3.015	0.10396316
3.02	0.13722523
3.025	0.14349475
3.03	0.12338174
3.035	0.084559986
3.04	0.040770986
3.045	0.007444165
3.05	-0.005364157
3.055	0.001030807
3.06	0.013855056
3.065	0.0164389
3.07	-0.001327313
3.075	-0.037118955
3.08	-0.077969864
3.085	-0.1069091
3.09	-0.11071725
3.095	-0.086187877
3.1	-0.041895658
3.105	0.006090343
3.11	0.042439427
3.115	0.059882365
3.12	0.061043693
3.125	0.054025744
3.13	0.045546036
3.135	0.03659049
3.14	0.023309161
3.145	0.002590614
3.15	-0.022305391
3.155	-0.041586965
3.16	-0.045413389
3.165	-0.032119336
3.17	-0.010800656
3.175	0.00470737
3.18	0.005670247
3.185	-0.005953423
3.19	-0.019813352
3.195	-0.024693694
3.2	-0.01555748
3.205	0.003973942
3.21	0.024322399
3.215	0.035485904
3.22	0.032325151
3.225	0.017042901
3.23	-0.002385474
3.235	-0.01656013
3.24	-0.019296405
3.245	-0.010732477
3.25	0.00228369
3.255	0.009418229
3.26	0.003062798
3.265	-0.015604047
3.27	-0.03544093
3.275	-0.041431133
3.28	-0.024757829
3.285	0.010235612
3.29	0.047229639
3.295	0.066828741
3.3	0.057906851
3.305	0.024269759
3.31	-0.017393303
3.315	-0.046443923
3.32	-0.048715272
3.325	-0.023125228
3.33	0.018156917
3.335	0.055438361
3.34	0.070472235
3.345	0.054852673
3.35	0.013985736
3.355	-0.035264227
3.36	-0.072474025
3.365	-0.08356395
3.37	-0.067564835
3.375	-0.035767818
3.38	-0.003440358
3.385	0.019303888
3.39	0.030526104
3.395	0.033251241
3.4	0.030839395
3.405	0.02493673
3.41	0.016371451
3.415	0.006325229
3.42	-0.004079923
3.425	-0.014904779
3.43	-0.027643101
3.435	-0.043616421
3.44	-0.061023405
3.445	-0.07314007
3.45	-0.069971208
3.455	-0.043575835
3.46	0.005721899
3.465	0.066508575
3.47	0.11966361
3.475	0.14661421
3.48	0.13771841
3.485	0.09634538
3.49	0.036829348
3.495	-0.021746541
3.5	-0.06251306
3.505	-0.076506617
3.51	-0.065576637
3.515	-0.040558591
3.52	-0.014989527
3.525	0.002086351
3.53	0.009445455
3.535	0.011253037
3.54	0.011549164
3.545	0.010213631
3.55	0.003366277
3.555	-0.012181713
3.56	-0.034189638
3.565	-0.054411294
3.57	-0.062908852
3.575	-0.053984132
3.58	-0.029893309
3.585	-0.000351555
3.59	0.022238627
3.595	0.029276449
3.6	0.020395061
3.605	0.003528805
3.61	-0.009527712
3.615	-0.009825772
3.62	0.003984299
3.625	0.02612582
3.63	0.048291978
3.635	0.064334183
3.64	0.07183024
3.645	0.070457961
3.65	0.059481
3.655	0.036956695
3.66	0.002035019
3.665	-0.041356634
3.67	-0.083124626
3.675	-0.11008336
3.68	-0.11256769
3.685	-0.090431984
3.69	-0.053791134
3.695	-0.017222531
3.7	0.009199965
3.705	0.025285911
3.71	0.038114429
3.715	0.054476164
3.72	0.074819242
3.725	0.092485683
3.73	0.097861379
3.735	0.084160875
3.74	0.051886324
3.745	0.01006593
3.75	-0.026926615
3.755	-0.046685894
3.76	-0.046406455
3.765	-0.035098672
3.77	-0.027889216
3.775	-0.035955987
3.78	-0.059133454
3.785	-0.086397367
3.79	-0.10326347
3.795	-0.099886243
3.8	-0.074462081
3.805	-0.03167017
3.81	0.020377049
3.815	0.071922212
3.82	0.11273797
3.825	0.13403835
3.83	0.13089245
3.835	0.1040054
3.84	0.059892668
3.845	0.009579689
3.85	-0.033960499
3.855	-0.059845131
3.86	-0.063773694
3.865	-0.049989812
3.87	-0.028364359
3.875	-0.008385448
3.88	0.005477208
3.885	0.014312496
3.89	0.021590773
3.895	0.028704254
3.9	0.032338965
3.905	0.025984442
3.91	0.00532921
3.915	-0.025948797
3.92	-0.055143287
3.925	-0.066610255
3.93	-0.051714339
3.935	-0.015389902
3.94	0.025734074
3.945	0.052288961
3.95	0.052125038
3.955	0.025408911
3.96	-0.016845486
3.965	-0.058113276
3.97	-0.082325753
3.975	-0.079454594
3.98	-0.049498934
3.985	-0.002746994
3.99	0.044162905
3.995	0.074990598
4	0.0808091
4.005	0.06367399
4.01	0.034456541
4.015	0.005825439
4.02	-0.014669232
4.025	-0.026581123
4.03	-0.033124568
4.035	-0.036005733
4.04	-0.032932672
4.045	-0.019732301
4.05	0.004847726
4.055	0.035835651
4.06	0.063106401
4.065	0.075952605
4.07	0.068290634
4.075	0.041246345
4.08	0.001790825
4.085	-0.040202875
4.09	-0.074391067
4.095	-0.091943061
4.1	-0.087443557
4.105	-0.060805184
4.11	-0.018399245
4.115	0.02788191
4.12	0.064174062
4.125	0.079953283
4.13	0.072313885
4.135	0.046084996
4.14	0.010162442
4.145	-0.026370377
4.15	-0.056103128
4.155	-0.073478807
4.16	-0.074968158
4.165	-0.060111662
4.17	-0.032432153
4.175	0.001224505
4.18	0.032838941
4.185	0.055510344
4.19	0.064754159
4.195	0.058989783
4.2	0.040048445
4.205	0.013788869
4.21	-0.010610161
4.215	-0.02412628
4.22	-0.022412092
4.225	-0.007973451
4.23	0.011498906
4.235	0.027054413
4.24	0.032068956
4.245	0.024247777
4.25	0.006025293
4.255	-0.016532465
4.26	-0.035896343
4.265	-0.045600679
4.27	-0.04221564
4.275	-0.026064973
4.28	-0.001084841
4.285	0.025739954
4.29	0.045565966
4.295	0.050007273
4.3	0.034346786
4.305	0.000363735
4.31	-0.042816152
4.315	-0.080785921
4.32	-0.098681924
4.325	-0.087124632
4.33	-0.046862696
4.335	0.010117249
4.34	0.064281255
4.345	0.096269474
4.35	0.095199088
4.355	0.063083806
4.36	0.013265371
4.365	-0.035894508
4.37	-0.068456842
4.375	-0.076216208
4.38	-0.060590673
4.385	-0.030656524
4.39	0.001829836
4.395	0.02768866
4.4	0.043101255
4.405	0.049460689
4.41	0.051348317
4.415	0.05338862
4.42	0.056932363
4.425	0.058685392
4.43	0.052896652
4.435	0.035554524
4.44	0.007131528
4.445	-0.027756638
4.45	-0.062343712
4.455	-0.089348325
4.46	-0.10178067
4.465	-0.094235308
4.47	-0.065496005
4.475	-0.020760615
4.48	0.028879771
4.485	0.069782358
4.49	0.090228202
4.495	0.084625126
4.5	0.055859843
4.505	0.014464937
4.51	-0.025282248
4.515	-0.050602938
4.52	-0.0549805
4.525	-0.040809775
4.53	-0.018286747
4.535	-0.000362858
4.54	0.003756244
4.545	-0.007005229
4.55	-0.025371586
4.555	-0.039444036
4.56	-0.038696053
4.565	-0.019520234
4.57	0.012550512
4.575	0.045265298
4.58	0.06558228
4.585	0.066159768
4.59	0.049033326
4.595	0.023727881
4.6	0.000702577
4.605	-0.014670905
4.61	-0.023342373
4.615	-0.029109947
4.62	-0.033628857
4.625	-0.033952305
4.63	-0.024789457
4.635	-0.003522896
4.64	0.025992262
4.645	0.053705266
4.65	0.067726796
4.655	0.060619145
4.66	0.034318003
4.665	0.00030757
4.67	-0.025835963
4.675	-0.032795917
4.68	-0.020204686
4.685	0.000747202
4.69	0.013807529
4.695	0.007447468
4.7	-0.018100197
4.705	-0.050761794
4.71	-0.073375223
4.715	-0.073315989
4.72	-0.049448627
4.725	-0.012350434
4.73	0.022123938
4.735	0.041611358
4.74	0.042719649
4.745	0.030616495
4.75	0.014441084
4.755	0.00209362
4.76	-0.002886821
4.765	-0.001862893
4.77	0.000438646
4.775	-0.000947668
4.78	-0.007925062
4.785	-0.018037282
4.79	-0.02604068
4.795	-0.026936835
4.8	-0.01847832
4.805	-0.002425886
4.81	0.015902364
4.815	0.030105993
4.82	0.035700642
4.825	0.031465988
4.83	0.018948652
4.835	0.001327909
4.84	-0.017399316
4.845	-0.032713297
4.85	-0.040146907
4.855	-0.03660456
4.86	-0.022049574
4.865	-0.000537783
4.87	0.020849097
4.875	0.034957075
4.88	0.037970492
4.885	0.031712193
4.89	0.022869827
4.895	0.018970724
4.9	0.023325474
4.905	0.032120488
4.91	0.036187665
4.915	0.026980883
4.92	0.002767079
4.925	-0.029349004
4.93	-0.057227656
4.935	-0.070920831
4.94	-0.067770262
4.945	-0.051957498
4.95	-0.030417996
4.955	-0.009107074
4.96	0.008439982
4.965	0.020776499
4.97	0.027503885
4.975	0.028478729
4.98	0.023651513
4.985	0.013370118
4.99	-0.001410918
4.995	-0.019060146
5	-0.037000226
5.005	-0.05146881
5.01	-0.058136148
5.015	-0.053543146
5.02	-0.036362752
5.025	-0.008255148
5.03	0.025539932
5.035	0.05674904
5.04	0.076131442
5.045	0.076841635
5.05	0.057823656
5.055	0.024932362
5.06	-0.011311156
5.065	-0.040187697
5.07	-0.054915427
5.075	-0.054403614
5.08	-0.042382265
5.085	-0.025050332
5.09	-0.008353636
5.095	0.004306708
5.1	0.01303358
5.105	0.020549767
5.11	0.029890996
5.115	0.04164776
5.12	0.052321701
5.125	0.055363421
5.13	0.044990762
5.135	0.020911136
5.14	-0.009695742
5.145	-0.035002516
5.15	-0.04483972
5.155	-0.036693703
5.16	-0.017147338
5.165	0.002407549
5.17	0.012541479
5.175	0.010309569
5.18	-0.000414895
5.185	-0.012142417
5.19	-0.018407771
5.195	-0.017047693
5.2	-0.01049813
5.205	-0.003597565
5.21	-0.000996984
5.215	-0.005560904
5.22	-0.017397171
5.225	-0.033192839
5.23	-0.04658886
5.235	-0.050201906
5.24	-0.038896812
5.245	-0.013007204
5.25	0.020501829
5.255	0.050192504
5.26	0.065204607
5.265	0.061007863
5.27	0.042244598
5.275	0.020176059
5.28	0.006181251
5.285	0.005840569
5.29	0.016648938
5.295	0.029639176
5.3	0.033955822
5.305	0.02276775
5.31	-0.002279022
5.315	-0.031131159
5.32	-0.050463038
5.325	-0.051346931
5.33	-0.034586525
5.335	-0.009855271
5.34	0.010436107
5.345	0.017563856
5.35	0.009438005
5.355	-0.009616303
5.36	-0.031200237
5.365	-0.04649598
5.37	-0.049548461
5.375	-0.038895837
5.38	-0.017653163
5.385	0.007310989
5.39	0.027534213
5.395	0.036416956
5.4	0.032123354
5.405	0.018105744
5.41	0.001257666
5.415	-0.011195738
5.42	-0.014533423
5.425	-0.00827872
5.43	0.003519189
5.435	0.0143989
5.44	0.019245177
5.445	0.017176907
5.45	0.011637055
5.455	0.007689903
5.46	0.008652783
5.465	0.014257363
5.47	0.020975962
5.475	0.023996291
5.48	0.019938682
5.485	0.009237445
5.49	-0.003431145
5.495	-0.011324563
5.5	-0.009192179
5.505	0.003518689
5.51	0.021546187
5.515	0.036034923
5.52	0.03961107
5.525	0.031212579
5.53	0.016882365
5.535	0.005836657
5.54	0.004941231
5.545	0.015794696
5.55	0.03561213
5.555	0.059929062
5.56	0.084928846
5.565	0.10813127
5.57	0.12747558
5.575	0.14041934
5.58	0.14460493
5.585	0.1396606
5.59	0.12800036
5.595	0.11327889
5.6	0.097695038
5.605	0.080374113
5.61	0.057995368
5.615	0.027606449
5.62	-0.010146478
5.625	-0.050048715
5.63	-0.084752295
5.635	-0.10948105
5.64	-0.12525146
5.645	-0.13720317
5.65	-0.1490072
5.655	-0.15799908
5.66	-0.15524091
5.665	-0.13082826
5.67	-0.08131554
5.675	-0.014364596
5.68	0.052992607
5.685	0.10131865
5.69	0.11658312
5.695	0.095010377
5.7	0.043121242
5.705	-0.026446945
5.71	-0.10039299
5.715	-0.168461
5.72	-0.22452175
5.725	-0.26549943
5.73	-0.28881297
5.735	-0.28952381
5.74	-0.25864779
5.745	-0.18463832
5.75	-0.059985637
5.755	0.10823063
5.76	0.29067881
5.765	0.43955182
5.77	0.5067213
5.775	0.46794588
5.78	0.33638862
5.785	0.15499827
5.79	-0.025021047
5.795	-0.16315184
5.8	-0.23695497
5.805	-0.24158491
5.81	-0.18854365
5.815	-0.1043307
5.82	-0.023995209
5.825	0.021975845
5.83	0.020938707
5.835	-0.016989718
5.84	-0.065359086
5.845	-0.09487456
5.85	-0.086033918
5.855	-0.034855392
5.86	0.048604438
5.865	0.14511538
5.87	0.23181456
5.875	0.28777398
5.88	0.29874459
5.885	0.25997085
5.89	0.17694396
5.895	0.063787229
5.9	-0.061282691
5.905	-0.18207815
5.91	-0.28880676
5.915	-0.37757617
5.92	-0.44554234
5.925	-0.4865021
5.93	-0.49169881
5.935	-0.45554668
5.94	-0.38122261
5.945	-0.28151628
5.95	-0.17416551
5.955	-0.074579867
5.96	0.009280181
5.965	0.076440205
5.97	0.12841967
5.975	0.16725948
5.98	0.19964522
5.985	0.2408097
5.99	0.30897041
5.995	0.41022649
6	0.52551393
6.005	0.6130743
6.01	0.62803469
6.015	0.54564223
6.02	0.37221654
6.025	0.13912259
6.03	-0.11175224
6.035	-0.33927137
6.04	-0.50799168
6.045	-0.59261651
6.05	-0.58534395
6.055	-0.50133164
6.06	-0.37482771
6.065	-0.24472312
6.07	-0.13781492
6.075	-0.06142573
6.08	-0.009343616
6.085	0.026103488
6.09	0.046108986
6.095	0.047178075
6.1	0.029908157
6.105	0.005231148
6.11	-0.008677666
6.115	0.003266439
6.12	0.042568219
6.125	0.0935938
6.13	0.12992864
6.135	0.12662045
6.14	0.070435611
6.145	-0.036329926
6.15	-0.17630426
6.155	-0.3185791
6.16	-0.42343767
6.165	-0.45400219
6.17	-0.3919367
6.175	-0.24749233
6.18	-0.055607203
6.185	0.14045793
6.19	0.30685931
6.195	0.42755105
6.2	0.50151988
6.205	0.53448996
6.21	0.53144529
6.215	0.49377937
6.22	0.421347
6.225	0.31716511
6.23	0.19152328
6.235	0.062354
6.24	-0.049718063
6.245	-0.12986645
6.25	-0.1752173
6.255	-0.1933294
6.26	-0.19440363
6.265	-0.18509796
6.27	-0.1692429
6.275	-0.15200139
6.28	-0.14046424
6.285	-0.13875385
6.29	-0.14248186
6.295	-0.13808901
6.3	-0.10836881
6.305	-0.0413015
6.31	0.062325008
6.315	0.18632143
6.32	0.3035084
6.325	0.38601393
6.33	0.41647177
6.335	0.39418734
6.34	0.33342635
6.345	0.25586484
6.35	0.18195594
6.355	0.12435085
6.36	0.08487933
6.365	0.056506142
6.37	0.029604518
6.375	-0.001404096
6.38	-0.035470385
6.385	-0.067243779
6.39	-0.091886056
6.395	-0.10828304
6.4	-0.11811821
6.405	-0.12287587
6.41	-0.12241834
6.415	-0.11636709
6.42	-0.10655977
6.425	-0.097451136
6.43	-0.092935532
6.435	-0.092771436
6.44	-0.093221888
6.445	-0.091784154
6.45	-0.091039551
6.455	-0.09654981
6.46	-0.1091585
6.465	-0.11916692
6.47	-0.10974506
6.475	-0.068203086
6.48	0.00391335
6.485	0.089783715
6.49	0.16486443
6.495	0.20654884
6.5	0.20101519
6.505	0.14636356
6.51	0.052719538
6.515	-0.059921327
6.52	-0.16581015
6.525	-0.24007849
6.53	-0.26648121
6.535	-0.24252428
6.54	-0.17909963
6.545	-0.094856444
6.55	-0.008941597
6.555	0.063772412
6.56	0.11380134
6.565	0.13604222
6.57	0.12915058
6.575	0.096743584
6.58	0.04909231
6.585	0.002285938
6.59	-0.026333976
6.595	-0.025210774
6.6	0.004749207
6.605	0.047734428
6.61	0.077946726
6.615	0.071016453
6.62	0.016072969
6.625	-0.078612563
6.63	-0.18925671
6.635	-0.28665218
6.64	-0.34676086
6.645	-0.3568031
6.65	-0.31537805
6.655	-0.22851649
6.66	-0.10570219
6.665	0.040795484
6.67	0.19396822
6.675	0.33156286
6.68	0.43058145
6.685	0.47512929
6.69	0.462614
6.695	0.40517434
6.7	0.32568702
6.705	0.24866565
6.71	0.18857909
6.715	0.14226992
6.72	0.092835805
6.725	0.024600755
6.73	-0.06220332
6.735	-0.14963923
6.74	-0.21442857
6.745	-0.24365069
6.75	-0.24127302
6.755	-0.22205478
6.76	-0.20034186
6.765	-0.18315297
6.77	-0.17001405
6.775	-0.15551685
6.78	-0.13125462
6.785	-0.088687724
6.79	-0.025565858
6.795	0.047130283
6.8	0.10502572
6.805	0.12042534
6.81	0.077948249
6.815	-0.014166239
6.82	-0.12437609
6.825	-0.20984881
6.83	-0.23452862
6.835	-0.18438822
6.84	-0.07272353
6.845	0.065805701
6.85	0.18889429
6.855	0.26293836
6.86	0.27569753
6.865	0.2385765
6.87	0.17724874
6.875	0.11634931
6.88	0.067615953
6.885	0.028624311
6.89	-0.008456244
6.895	-0.045922195
6.9	-0.07623969
6.905	-0.087086564
6.91	-0.071228073
6.915	-0.033772702
6.92	0.008531124
6.925	0.035927876
6.93	0.036804211
6.935	0.013564316
6.94	-0.020835613
6.945	-0.052306902
6.95	-0.073698239
6.955	-0.086647953
6.96	-0.097713896
6.965	-0.11283441
6.97	-0.13349073
6.975	-0.15560882
6.98	-0.17091333
6.985	-0.16977707
6.99	-0.14508513
6.995	-0.096541212
7	-0.0330749
7.005	0.029191367
7.01	0.072984046
7.015	0.087364176
7.02	0.073483869
7.025	0.044831367
7.03	0.020174575
7.035	0.013123097
7.04	0.025679686
7.045	0.049831816
7.05	0.074965864
7.055	0.094978172
7.06	0.10997627
7.065	0.1226824
7.07	0.1336848
7.075	0.13921632
7.08	0.1324096
7.085	0.10702586
7.09	0.061728289
7.095	0.002767798
7.1	-0.056603854
7.105	-0.10014036
7.11	-0.11439047
7.115	-0.093781183
7.12	-0.04302283
7.125	0.024306272
7.13	0.090389461
7.135	0.13856328
7.14	0.15694272
7.145	0.13983254
7.15	0.088837397
7.155	0.013983489
7.16	-0.067686477
7.165	-0.13762886
7.17	-0.18297529
7.175	-0.20099474
7.18	-0.1982974
7.185	-0.18581247
7.19	-0.17310138
7.195	-0.1652417
7.2	-0.16230577
7.205	-0.15998039
7.21	-0.15072558
7.215	-0.12606884
7.22	-0.080285014
7.225	-0.013547121
7.23	0.06703523
7.235	0.14867275
7.24	0.21620769
7.245	0.25668279
7.25	0.2634026
7.255	0.23748999
7.26	0.18618752
7.265	0.11949076
7.27	0.047656969
7.275	-0.019460784
7.28	-0.07277319
7.285	-0.10557293
7.29	-0.11547769
7.295	-0.10443791
7.3	-0.076550041
7.305	-0.036017261
7.31	0.012688164
7.315	0.063355234
7.32	0.10726779
7.325	0.13449386
7.33	0.136764
7.335	0.11063334
7.34	0.059758307
7.345	-0.005350406
7.35	-0.070353256
7.355	-0.1210526
7.36	-0.14693883
7.365	-0.14371245
7.37	-0.11428018
7.375	-0.067674421
7.38	-0.016113867
7.385	0.028647611
7.39	0.058563405
7.395	0.070740281
7.4	0.066486604
7.405	0.04947906
7.41	0.025108559
7.415	0.000610548
7.42	-0.016282526
7.425	-0.020944537
7.43	-0.015130584
7.435	-0.006165349
7.44	-0.001710964
7.445	-0.004367134
7.45	-0.010468846
7.455	-0.013430921
7.46	-0.008681115
7.465	0.003038768
7.47	0.015755871
7.475	0.021668271
7.48	0.01601123
7.485	0.000851904
7.49	-0.014696793
7.495	-0.018849549
7.5	-0.004086588
7.505	0.027479001
7.51	0.064106364
7.515	0.09041824
7.52	0.095552584
7.525	0.078047864
7.53	0.04493397
7.535	0.006958461
7.54	-0.02628474
7.545	-0.049094946
7.55	-0.060027328
7.555	-0.060617031
7.56	-0.053604828
7.565	-0.041784235
7.57	-0.027472652
7.575	-0.012247938
7.58	0.003057374
7.585	0.018010379
7.59	0.032020825
7.595	0.043588621
7.6	0.050032643
7.605	0.048819151
7.61	0.039728545
7.615	0.025941002
7.62	0.012976712
7.625	0.006053548
7.63	0.007393816
7.635	0.014801497
7.64	0.022420598
7.645	0.023651073
7.65	0.014866803
7.655	-0.002070356
7.66	-0.020334191
7.665	-0.032160838
7.67	-0.033614547
7.675	-0.026271568
7.68	-0.015291262
7.685	-0.005884982
7.69	-0.000505284
7.695	0.001543512
7.7	0.002184128
7.705	0.002722011
7.71	0.003578148
7.715	0.00484058
7.72	0.006681168
7.725	0.00946245
7.73	0.013729899
7.735	0.019984633
7.74	0.028022195
7.745	0.03654734
7.75	0.043632035
7.755	0.047602261
7.76	0.048031606
7.765	0.046121438
7.77	0.043763433
7.775	0.042262101
7.78	0.041827897
7.785	0.04110784
7.79	0.036781172
7.795	0.024534391
7.8	0.001986376
7.805	-0.02842185
7.81	-0.059444482
7.815	-0.082429497
7.82	-0.092020118
7.825	-0.088877492
7.83	-0.078657505
7.835	-0.068327455
7.84	-0.062236574
7.845	-0.060064347
7.85	-0.057539542
7.855	-0.049569323
7.86	-0.033488057
7.865	-0.010202892
7.87	0.0168851
7.875	0.043711639
7.88	0.066845179
7.885	0.084121695
7.89	0.094500733
7.895	0.097242494
7.9	0.091408834
7.905	0.076156846
7.91	0.051421154
7.915	0.018925512
7.92	-0.01680623
7.925	-0.048753129
7.93	-0.069776891
7.935	-0.075848795
7.94	-0.067954859
7.945	-0.051506309
7.95	-0.033875023
7.955	-0.021717788
7.96	-0.018975897
7.965	-0.025852187
7.97	-0.039201681
7.975	-0.054525416
7.98	-0.068359358
7.985	-0.079134306
7.99	-0.086288706
7.995	-0.089180065
8	-0.086819491
8.005	-0.078436441
8.01	-0.06382294
8.015	-0.042685823
8.02	-0.013870087
8.025	0.023755492
8.03	0.068489773
8.035	0.11373025
8.04	0.14930666
8.045	0.16556494
8.05	0.15744184
8.055	0.1266341
8.06	0.081065781
8.065	0.031786119
8.07	-0.011447575
8.075	-0.043547224
8.08	-0.064489935
8.085	-0.077171064
8.09	-0.084768026
8.095	-0.089386291
8.1	-0.092074587
8.105	-0.093027559
8.11	-0.091725789
8.115	-0.087592739
8.12	-0.08111768
8.125	-0.07429992
8.13	-0.06904553
8.135	-0.064128246
8.14	-0.053941724
8.145	-0.031581828
8.15	0.005326435
8.155	0.050977429
8.16	0.092785202
8.165	0.11649536
8.17	0.11226494
8.175	0.079299306
8.18	0.02711103
8.185	-0.027688577
8.19	-0.068351619
8.195	-0.085067227
8.2	-0.078339813
8.205	-0.057183833
8.21	-0.03315969
8.215	-0.013691745
8.22	0.001163115
8.225	0.016781563
8.23	0.038745355
8.235	0.068071565
8.24	0.10021741
8.245	0.12773697
8.25	0.14405959
8.255	0.14639239
8.26	0.13677087
8.265	0.12051528
8.27	0.10206647
8.275	0.081296625
8.28	0.054243612
8.285	0.018249316
8.29	-0.022895781
8.295	-0.058429875
8.3	-0.075919772
8.305	-0.069281562
8.31	-0.043484198
8.315	-0.011820453
8.32	0.012072547
8.325	0.021217562
8.33	0.017344374
8.335	0.007962719
8.34	0.000859124
8.345	-0.000613943
8.35	0.0011252
8.355	0.000483424
8.36	-0.006755392
8.365	-0.020225482
8.37	-0.035180072
8.375	-0.045867903
8.38	-0.049661949
8.385	-0.048531651
8.39	-0.0467636
8.395	-0.047143167
8.4	-0.048790371
8.405	-0.048042815
8.41	-0.041248527
8.415	-0.027027072
8.42	-0.0066265
8.425	0.017009567
8.43	0.040170448
8.435	0.058933122
8.44	0.06969647
8.445	0.070027638
8.45	0.059856204
8.455	0.042023238
8.46	0.021318001
8.465	0.002335456
8.47	-0.012381785
8.475	-0.022679784
8.48	-0.02983939
8.485	-0.035096734
8.49	-0.038772923
8.495	-0.040852124
8.5	-0.042102062
8.505	-0.044151349
8.51	-0.048214155
8.515	-0.05353033
8.52	-0.057023803
8.525	-0.054771087
8.53	-0.044154534
8.535	-0.025285498
8.54	-0.001314821
8.545	0.022662615
8.55	0.041813574
8.555	0.05323994
8.56	0.056268675
8.565	0.051823991
8.57	0.041829163
8.575	0.029075334
8.58	0.016968453
8.585	0.008481842
8.59	0.004663823
8.595	0.004073747
8.6	0.003835044
8.605	0.001548784
8.61	-0.003161204
8.615	-0.008409934
8.62	-0.011274317
8.625	-0.009791733
8.63	-0.004617379
8.635	0.001052856
8.64	0.003545608
8.645	0.00119597
8.65	-0.004577364
8.655	-0.01028603
8.66	-0.012798373
8.665	-0.011386876
8.67	-0.007827299
8.675	-0.004532774
8.68	-0.002244955
8.685	0.000505285
8.69	0.005635763
8.695	0.013526448
8.7	0.022664161
8.705	0.030745471
8.71	0.036060152
8.715	0.038139626
8.72	0.037430705
8.725	0.034352237
8.73	0.028357036
8.735	0.018047507
8.74	0.002668606
8.745	-0.016135426
8.75	-0.034080443
8.755	-0.045997646
8.76	-0.048446898
8.765	-0.041258851
8.77	-0.026731061
8.775	-0.007690352
8.78	0.013250771
8.785	0.032829939
8.79	0.046390912
8.795	0.049020375
8.8	0.038285775
8.805	0.016759659
8.81	-0.00792762
8.815	-0.026458687
8.82	-0.032756879
8.825	-0.026859912
8.83	-0.014006362
8.835	-0.001285525
8.84	0.005827211
8.845	0.005337334
8.85	-0.001569468
8.855	-0.012005374
8.86	-0.022637793
8.865	-0.030112835
8.87	-0.031351084
8.875	-0.024470952
8.88	-0.009607425
8.885	0.010943834
8.89	0.032910578
8.895	0.050605431
8.9	0.058470497
8.905	0.053202704
8.91	0.03562115
8.915	0.011307506
8.92	-0.011048204
8.925	-0.023094756
8.93	-0.020506431
8.935	-0.005141675
8.94	0.015401857
8.945	0.030723403
8.95	0.031829891
8.955	0.014899124
8.96	-0.0169505
8.965	-0.054480035
8.97	-0.085432592
8.975	-0.099035415
8.98	-0.090060369
8.985	-0.060468605
8.99	-0.018171944
8.995	0.026241515
9	0.063262862
9.005	0.087079081
9.01	0.096140965
9.015	0.091897759
9.02	0.077343607
9.025	0.056034905
9.03	0.03128464
9.035	0.006229001
9.04	-0.015331625
9.045	-0.028659994
9.05	-0.029581272
9.055	-0.017483574
9.06	0.002736226
9.065	0.021918094
9.07	0.030690749
9.075	0.023889968
9.08	0.002980327
9.085	-0.024489705
9.09	-0.048027539
9.095	-0.058656765
9.1	-0.05266339
9.105	-0.032714702
9.11	-0.006053161
9.115	0.018972667
9.12	0.036274957
9.125	0.043680375
9.13	0.042399741
9.135	0.035268906
9.14	0.024773091
9.145	0.011642699
9.15	-0.005165896
9.155	-0.026722229
9.16	-0.051495597
9.165	-0.074469268
9.17	-0.089500266
9.175	-0.09286348
9.18	-0.085252948
9.185	-0.071526802
9.19	-0.058513169
9.195	-0.051559897
9.2	-0.051669418
9.205	-0.054880656
9.21	-0.053887716
9.215	-0.041235964
9.22	-0.013225582
9.225	0.027239251
9.23	0.071114825
9.235	0.10755656
9.24	0.12918074
9.245	0.13452658
9.25	0.12702702
9.255	0.11221562
9.26	0.094961021
9.265	0.077585298
9.27	0.059521152
9.275	0.038522996
9.28	0.012722206
9.285	-0.017361384
9.29	-0.048299757
9.295	-0.07524951
9.3	-0.094268682
9.305	-0.10355861
9.31	-0.10314809
9.315	-0.094182527
9.32	-0.078363489
9.325	-0.057520945
9.33	-0.03406054
9.335	-0.011915044
9.34	0.004106411
9.345	0.011182227
9.35	0.010918296
9.355	0.008424106
9.36	0.008374583
9.365	0.011396519
9.37	0.013986713
9.375	0.01158429
9.38	0.002133802
9.385	-0.01201118
9.39	-0.024836436
9.395	-0.029542734
9.4	-0.021944206
9.405	-0.002740966
9.41	0.022537618
9.415	0.045958694
9.42	0.060777396
9.425	0.06443295
9.43	0.059201249
9.435	0.049890646
9.44	0.040614757
9.445	0.032895153
9.45	0.025744472
9.455	0.01738274
9.46	0.006841917
9.465	-0.005822122
9.47	-0.019987306
9.475	-0.034725334
9.48	-0.048667497
9.485	-0.059707463
9.49	-0.065399456
9.495	-0.064176818
9.5	-0.056046477
9.505	-0.042092669
9.51	-0.023834471
9.515	-0.003259822
9.52	0.016828835
9.525	0.032847582
9.53	0.041282571
9.535	0.040094151
9.54	0.029709822
9.545	0.012881171
9.55	-0.006234419
9.555	-0.022962026
9.56	-0.033047771
9.565	-0.033795155
9.57	-0.02502313
9.575	-0.009498959
9.58	0.007392582
9.585	0.019159377
9.59	0.021003333
9.595	0.012514869
9.6	-0.001780533
9.605	-0.014576626
9.61	-0.019357887
9.615	-0.013437671
9.62	0.000947751
9.625	0.017923945
9.63	0.030688771
9.635	0.034323189
9.64	0.027879622
9.645	0.014877323
9.65	0.001702479
9.655	-0.005602162
9.66	-0.004214627
9.665	0.004621884
9.67	0.016720384
9.675	0.027188582
9.68	0.032826151
9.685	0.033446497
9.69	0.031187023
9.695	0.028495403
9.7	0.026527169
9.705	0.024893834
9.71	0.022314422
9.715	0.017734866
9.72	0.011266252
9.725	0.003997357
9.73	-0.003109544
9.735	-0.009941148
9.74	-0.017139443
9.745	-0.025594141
9.75	-0.03571225
9.755	-0.046375909
9.76	-0.054492301
9.765	-0.056137707
9.77	-0.048991466
9.775	-0.034284807
9.78	-0.016388417
9.785	-0.00020501
9.79	0.011640089
9.795	0.019767877
9.8	0.026543948
9.805	0.033564593
9.81	0.040310574
9.815	0.044620385
9.82	0.044125883
9.825	0.037688705
9.83	0.026403484
9.835	0.013590994
9.84	0.003460649
9.845	-0.000827712
9.85	0.001197747
9.855	0.006935517
9.86	0.012335617
9.865	0.014522832
9.87	0.013183975
9.875	0.010020189
9.88	0.007156316
9.885	0.005829124
9.89	0.006229313
9.895	0.007747124
9.9	0.00864631
9.905	0.006027126
9.91	-0.00276356
9.915	-0.017677416
9.92	-0.034543904
9.925	-0.046588917
9.93	-0.048312239
9.935	-0.039007348
9.94	-0.023276735
9.945	-0.008182807
9.95	0.00068169
9.955	0.001349202
9.96	-0.004598263
9.965	-0.01329016
9.97	-0.020459043
9.975	-0.023182309
9.98	-0.020517692
9.985	-0.012884165
9.99	-0.00123932
9.995	0.013042373
10	0.028094954
10.005	0.041769552
10.01	0.051709284
10.015	0.05542778
10.02	0.051106565
10.025	0.038451386
10.03	0.019022104
10.035	-0.003602984
10.04	-0.024162444
10.045	-0.037136836
10.05	-0.039377456
10.055	-0.032222476
10.06	-0.021028445
10.065	-0.01218584
10.07	-0.009708154
10.075	-0.013504941
10.08	-0.019932959
10.085	-0.024149133
10.09	-0.022701764
10.095	-0.01489454
10.1	-0.002638708
10.105	0.010826653
10.11	0.022679958
10.115	0.031818083
10.12	0.038826528
10.125	0.044721638
10.13	0.049666634
10.135	0.052845374
10.14	0.053243134
10.145	0.050336372
10.15	0.044298959
10.155	0.035696512
10.16	0.024873345
10.165	0.011688089
10.17	-0.004036407
10.175	-0.021813178
10.18	-0.040174425
10.185	-0.056824454
10.19	-0.069352161
10.195	-0.076335443
10.2	-0.077790042
10.205	-0.074815225
10.21	-0.069042344
10.215	-0.062026629
10.22	-0.054693101
10.225	-0.046890343
10.23	-0.037467057
10.235	-0.025327062
10.24	-0.010837641
10.245	0.003687564
10.25	0.014857899
10.255	0.02003658
10.26	0.019044543
10.265	0.014509043
10.27	0.010285625
10.275	0.009116997
10.28	0.011375604
10.285	0.015232995
10.29	0.017892475
10.295	0.017189124
10.3	0.013024932
10.305	0.007858687
10.31	0.005382828
10.315	0.008181735
10.32	0.016079328
10.325	0.026164048
10.33	0.034389418
10.335	0.037394829
10.34	0.033274465
10.345	0.021739927
10.35	0.004378174
10.355	-0.015381207
10.36	-0.033136125
10.365	-0.045044243
10.37	-0.049243675
10.375	-0.046142488
10.38	-0.037541867
10.385	-0.025902411
10.39	-0.013995578
10.395	-0.004267494
10.4	0.001925794
10.405	0.004798417
10.41	0.005972222
10.415	0.007539374
10.42	0.010947094
10.425	0.016484317
10.43	0.02345836
10.435	0.030613312
10.44	0.036603628
10.445	0.04025081
10.45	0.04054558
10.455	0.036798963
10.46	0.029155803
10.465	0.019118255
10.47	0.008973102
10.475	0.000398423
10.48	-0.006153959
10.485	-0.010998505
10.49	-0.0146378
10.495	-0.017318352
10.5	-0.018537034
10.505	-0.017032775
10.51	-0.0117699
10.515	-0.00310834
10.52	0.007191262
10.525	0.016743112
10.53	0.023028808
10.535	0.02393547
10.54	0.018651459
10.545	0.008335064
10.55	-0.00416439
10.555	-0.015518489
10.56	-0.023108582
10.565	-0.025677047
10.57	-0.023511554
10.575	-0.018222618
10.58	-0.012131905
10.585	-0.007119556
10.59	-0.003522322
10.595	-0.000395523
10.6	0.003065761
10.605	0.00648828
10.61	0.00851494
10.615	0.007759173
10.62	0.003583811
10.625	-0.003831002
10.63	-0.013724223
10.635	-0.024878416
10.64	-0.035508054
10.645	-0.043129723
10.65	-0.044923834
10.655	-0.03875356
10.66	-0.024402685
10.665	-0.0041919
10.67	0.017671882
10.675	0.036581642
10.68	0.048807978
10.685	0.052096187
10.69	0.046223872
10.695	0.033325462
10.7	0.017062871
10.705	0.001236327
10.71	-0.01120723
10.715	-0.018576345
10.72	-0.020490962
10.725	-0.017742636
10.73	-0.012087142
10.735	-0.0058815
10.74	-0.001554509
10.745	-0.000822476
10.75	-0.00376347
10.755	-0.008376809
10.76	-0.011366252
10.765	-0.009932892
10.77	-0.003497728
10.775	0.006073691
10.78	0.016046396
10.785	0.024589768
10.79	0.03118236
10.795	0.035904781
10.8	0.038431744
10.805	0.037405143
10.81	0.030947999
10.815	0.01796033
10.82	-0.001134315
10.825	-0.024365342
10.83	-0.048202056
10.835	-0.067933455
10.84	-0.07904803
10.845	-0.07863477
10.85	-0.066252686
10.855	-0.044428381
10.86	-0.017958316
10.865	0.008141531
10.87	0.030458878
10.875	0.047312254
10.88	0.057690979
10.885	0.060853289
10.89	0.056897113
10.895	0.047163598
10.9	0.034118457
10.905	0.020820167
10.91	0.009905317
10.915	0.002874038
10.92	0.000165311
10.925	0.001286363
10.93	0.004871949
10.935	0.009031009
10.94	0.011769407
10.945	0.011586145
10.95	0.008233632
10.955	0.002886785
10.96	-0.002454889
10.965	-0.005774215
10.97	-0.005738353
10.975	-0.002127738
10.98	0.003970008
10.985	0.010344487
10.99	0.014486078
10.995	0.014843773
11	0.01161109
11.005	0.006094073
11.01	-0.000329408
11.015	-0.006342797
11.02	-0.010528805
11.025	-0.011976222
11.03	-0.011150716
11.035	-0.009753419
11.04	-0.009330169
11.045	-0.009848553
11.05	-0.009816177
11.055	-0.007747497
11.06	-0.003262376
11.065	0.002890002
11.07	0.00930118
11.075	0.014463928
11.08	0.017407582
11.085	0.018353852
11.09	0.018609515
11.095	0.019406935
11.1	0.020902883
11.105	0.022033759
11.11	0.021054871
11.115	0.016608943
11.12	0.008479987
11.125	-0.002459823
11.13	-0.0146007
11.135	-0.026086383
11.14	-0.035383819
11.145	-0.041316235
11.15	-0.042994254
11.155	-0.040127497
11.16	-0.033355004
11.165	-0.024155002
11.17	-0.014218717
11.175	-0.004732088
11.18	0.003912524
11.185	0.011823614
11.19	0.018956556
11.195	0.024724126
11.2	0.028172912
11.205	0.028216828
11.21	0.024091962
11.215	0.01635472
11.22	0.007350853
11.225	-1.43e-05
11.23	-0.004189873
11.235	-0.0058224
11.24	-0.006974305
11.245	-0.009598698
11.25	-0.014449701
11.255	-0.020749807
11.26	-0.026398412
11.265	-0.029022659
11.27	-0.027523544
11.275	-0.022581084
11.28	-0.015901918
11.285	-0.009309027
11.29	-0.004184741
11.295	-0.001103475
11.3	0.000538894
11.305	0.002255087
11.31	0.005283324
11.315	0.009503293
11.32	0.013461612
11.325	0.015603122
11.33	0.015340767
11.335	0.013149802
11.34	0.010008438
11.345	0.006656387
11.35	0.003276075
11.355	5.44e-05
11.36	-0.002072185
11.365	-0.001756636
11.37	0.001292937
11.375	0.005272
11.38	0.007054969
11.385	0.004490536
11.39	-0.001877261
11.395	-0.009327222
11.4	-0.014931826
11.405	-0.017116988
11.41	-0.015953344
11.415	-0.012702987
11.42	-0.0090245
11.425	-0.006081034
11.43	-0.004229674
11.435	-0.003151437
11.44	-0.002206333
11.445	-0.000834939
11.45	0.001258705
11.455	0.003905906
11.46	0.006139385
11.465	0.006339531
11.47	0.00295852
11.475	-0.004516919
11.48	-0.014902083
11.485	-0.025552604
11.49	-0.033506115
11.495	-0.036961027
11.5	-0.035959893
11.505	-0.031659237
11.51	-0.025323447
11.515	-0.017937222
11.52	-0.01022189
11.525	-0.002605307
11.53	0.004917687
11.535	0.012511376
11.54	0.019935477
11.545	0.026114823
11.55	0.029379224
11.555	0.028769028
11.56	0.025349618
11.565	0.021895816
11.57	0.020972383
11.575	0.023260359
11.58	0.027394212
11.585	0.030784981
11.59	0.030829463
11.595	0.026074574
11.6	0.016557479
11.605	0.003297205
11.61	-0.012206734
11.615	-0.028064215
11.62	-0.041946456
11.625	-0.051318395
11.63	-0.054199439
11.635	-0.049966622
11.64	-0.039645223
11.645	-0.025490528
11.65	-0.009879242
11.655	0.005462251
11.66	0.019005903
11.665	0.028847425
11.67	0.033146569
11.675	0.031281771
11.68	0.024492975
11.685	0.015415945
11.69	0.006844705
11.695	0.000573102
11.7	-0.002991735
11.705	-0.00454515
11.71	-0.005384679
11.715	-0.006697625
11.72	-0.008820589
11.725	-0.011052341
11.73	-0.012393412
11.735	-0.012648778
11.74	-0.012638906
11.745	-0.013209755
11.75	-0.01418978
11.755	-0.014444957
11.76	-0.012645353
11.765	-0.007918578
11.77	-4.52e-05
11.775	0.010579158
11.78	0.022633178
11.785	0.033558225
11.79	0.040218259
11.795	0.040334839
11.8	0.033709941
11.805	0.022381211
11.81	0.009668177
11.815	-0.00115733
11.82	-0.007764894
11.825	-0.009053682
11.83	-0.005463537
11.835	0.000986536
11.84	0.007624449
11.845	0.012289709
11.85	0.013578143
11.855	0.010503912
11.86	0.002817091
11.865	-0.008348862
11.87	-0.020592522
11.875	-0.031301339
11.88	-0.038805884
11.885	-0.042510408
11.89	-0.042201145
11.895	-0.037677216
11.9	-0.029272037
11.905	-0.018697584
11.91	-0.008607607
11.915	-0.000823504
11.92	0.004912697
11.925	0.010346385
11.93	0.016797441
11.935	0.023934977
11.94	0.030536272
11.945	0.036015608
11.95	0.040697999
11.955	0.044899822
11.96	0.048053892
11.965	0.048555009
11.97	0.044424743
11.975	0.034555096
11.98	0.019955766
11.985	0.003930708
11.99	-0.009083123
11.995	-0.015599478
12	-0.015156704
12.005	-0.010864565
12.01	-0.007475949
12.015	-0.008425002
12.02	-0.01408372
12.025	-0.02202762
12.03	-0.028696941
12.035	-0.031141614
12.04	-0.028087011
12.045	-0.020240559
12.05	-0.009758571
12.055	0.000935996
12.06	0.010428452
12.065	0.018587638
12.07	0.025512849
12.075	0.030350009
12.08	0.031497289
12.085	0.028100042
12.09	0.021369344
12.095	0.014449784
12.1	0.010606639
12.105	0.010981539
12.11	0.013838396
12.115	0.016000056
12.12	0.015174695
12.125	0.011358877
12.13	0.006421086
12.135	0.00251336
12.14	0.000505946
12.145	-0.00053515
12.15	-0.002403126
12.155	-0.00598141
12.16	-0.010474012
12.165	-0.014394382
12.17	-0.016926447
12.175	-0.018187123
12.18	-0.018562309
12.185	-0.01821427
12.19	-0.017343278
12.195	-0.01654755
12.2	-0.01639491
12.205	-0.016672906
12.21	-0.016140909
12.215	-0.01306421
12.22	-0.006285837
12.225	0.00387629
12.23	0.015553187
12.235	0.026070947
12.24	0.033135882
12.245	0.035693681
12.25	0.033826054
12.255	0.028336342
12.26	0.020777254
12.265	0.013445272
12.27	0.008509422
12.275	0.006611898
12.28	0.006296369
12.285	0.005109589
12.29	0.001397383
12.295	-0.004815231
12.3	-0.012145889
12.305	-0.018838271
12.31	-0.02356022
12.315	-0.025656839
12.32	-0.02517676
12.325	-0.022740898
12.33	-0.019256546
12.335	-0.015514153
12.34	-0.011904823
12.345	-0.008619984
12.35	-0.005968326
12.355	-0.004407822
12.36	-0.004492824
12.365	-0.006671266
12.37	-0.010734385
12.375	-0.015311151
12.38	-0.018241295
12.385	-0.017950516
12.39	-0.014527015
12.395	-0.009478797
12.4	-0.004741485
12.405	-0.001840914
12.41	-0.001586277
12.415	-0.003912248
12.42	-0.007808008
12.425	-0.011806438
12.43	-0.014790922
12.435	-0.016471446
12.44	-0.017042863
12.445	-0.016397958
12.45	-0.013762005
12.455	-0.008170773
12.46	0.000560843
12.465	0.011086615
12.47	0.020666086
12.475	0.026440384
12.48	0.026916953
12.485	0.022790319
12.49	0.016719941
12.495	0.011834033
12.5	0.009895161
12.505	0.010408219
12.51	0.011223228
12.515	0.010297095
12.52	0.007147977
12.525	0.002889119
12.53	-0.000843287
12.535	-0.002979145
12.54	-0.003433435
12.545	-0.002988846
12.55	-0.003144226
12.555	-0.005535106
12.56	-0.01069791
12.565	-0.017295863
12.57	-0.022793092
12.575	-0.024895455
12.58	-0.022819911
12.585	-0.017752043
12.59	-0.012251038
12.595	-0.008937547
12.6	-0.009111179
12.605	-0.011949297
12.61	-0.014994762
12.615	-0.015677799
12.62	-0.012692813
12.625	-0.006558726
12.63	0.000779584
12.635	0.007091052
12.64	0.010942609
12.645	0.012195951
12.65	0.011908255
12.655	0.011506757
12.66	0.011573577
12.665	0.01137476
12.67	0.009791988
12.675	0.006591232
12.68	0.002711615
12.685	-0.000476117
12.69	-0.002035573
12.695	-0.00170491
12.7	0.000472775
12.705	0.004491281
12.71	0.010432365
12.715	0.018041157
12.72	0.026007241
12.725	0.031743164
12.73	0.032500296
12.735	0.027279965
12.74	0.017657982
12.745	0.006705272
12.75	-0.00263484
12.755	-0.00875803
12.76	-0.012122257
12.765	-0.014683564
12.77	-0.01818591
12.775	-0.022860814
12.78	-0.027342044
12.785	-0.029593604
12.79	-0.028158756
12.795	-0.022979111
12.8	-0.015331289
12.805	-0.00714162
12.81	-3.14e-05
12.815	0.005359749
12.82	0.009155909
12.825	0.011376056
12.83	0.011612003
12.835	0.009748521
12.84	0.006708194
12.845	0.004222546
12.85	0.003788526
12.855	0.005812979
12.86	0.00950254
12.865	0.013441035
12.87	0.016371237
12.875	0.017568135
12.88	0.01690266
12.885	0.01474921
12.89	0.011694885
12.895	0.008513987
12.9	0.006302264
12.905	0.00601379
12.91	0.007468502
12.915	0.009042232
12.92	0.00876207
12.925	0.005975898
12.93	0.00190006
12.935	-0.001416294
12.94	-0.002646335
12.945	-0.002013107
12.95	-0.000656906
12.955	0.00064473
12.96	0.001814455
12.965	0.002914513
12.97	0.003786911
12.975	0.003998673
12.98	0.00287042
12.985	-0.000302415
12.99	-0.005758966
12.995	-0.012550429
13	-0.018230648
13.005	-0.01986316
13.01	-0.015771385
13.015	-0.006748953
13.02	0.004200304
13.025	0.013338489
13.03	0.018002118
13.035	0.017919276
13.04	0.015134826
13.045	0.012227723
13.05	0.010369253
13.055	0.009153906
13.06	0.007623867
13.065	0.004968828
13.07	0.000668257
13.075	-0.005216582
13.08	-0.011684062
13.085	-0.017025555
13.09	-0.019817453
13.095	-0.019980783
13.1	-0.018826909
13.105	-0.018070023
13.11	-0.018444719
13.115	-0.019107022
13.12	-0.018421126
13.125	-0.015292604
13.13	-0.009881467
13.135	-0.003497762
13.14	0.002314748
13.145	0.006959011
13.15	0.010970396
13.155	0.015279233
13.16	0.020405601
13.165	0.025951294
13.17	0.030560057
13.175	0.032395288
13.18	0.030052267
13.185	0.023371071
13.19	0.013620458
13.195	0.002961376
13.2	-0.006412942
13.205	-0.013056874
13.21	-0.01675785
13.215	-0.018461482
13.22	-0.019595187
13.225	-0.021298427
13.23	-0.023805589
13.235	-0.026063082
13.24	-0.026115382
13.245	-0.022157831
13.25	-0.013710915
13.255	-0.002222874
13.26	0.009465563
13.265	0.018331386
13.27	0.022321421
13.275	0.021205892
13.28	0.016562916
13.285	0.010810971
13.29	0.006003579
13.295	0.00309287
13.3	0.001838504
13.305	0.001298293
13.31	0.00044861
13.315	-0.00151949
13.32	-0.004948912
13.325	-0.009277376
13.33	-0.013058437
13.335	-0.014711687
13.34	-0.01354654
13.345	-0.010203056
13.35	-0.006153804
13.355	-0.002819935
13.36	-0.0010767
13.365	-0.001094509
13.37	-0.002322922
13.375	-0.003742687
13.38	-0.004334922
13.385	-0.003760446
13.39	-0.002613194
13.395	-0.001813318
13.4	-0.001800193
13.405	-0.002328088
13.41	-0.002834511
13.415	-0.003036581
13.42	-0.003030564
13.425	-0.002958412
13.43	-0.002877188
13.435	-0.002563199
13.44	-0.001391086
13.445	0.001168358
13.45	0.004776855
13.455	0.007986622
13.46	0.009219808
13.465	0.008066951
13.47	0.005379065
13.475	0.002342191
13.48	-0.000150708
13.485	-0.001494201
13.49	-0.001390949
13.495	-8.61e-05
13.5	0.001568503
13.505	0.002430737
13.51	0.001906789
13.515	0.00062819
13.52	0.000187303
13.525	0.001927874
13.53	0.005750155
13.535	0.01007098
13.54	0.012853751
13.545	0.012898528
13.55	0.010492602
13.555	0.007116357
13.56	0.004424947
13.565	0.003164825
13.57	0.002922138
13.575	0.002767327
13.58	0.002136338
13.585	0.001284058
13.59	0.000968921
13.595	0.001547243
13.6	0.002395755
13.605	0.002424602
13.61	0.001000488
13.615	-0.00166056
13.62	-0.004869367
13.625	-0.008046698
13.63	-0.010709276
13.635	-0.012133796
13.64	-0.011598854
13.645	-0.009136749
13.65	-0.005660997
13.655	-0.002227044
13.66	0.000616621
13.665	0.002698817
13.67	0.003651691
13.675	0.002920049
13.68	0.000361126
13.685	-0.003242332
13.69	-0.006318152
13.695	-0.00727132
13.7	-0.005263096
13.705	-0.000692028
13.71	0.00478733
13.715	0.009048888
13.72	0.010673455
13.725	0.00957934
13.73	0.007025197
13.735	0.004830658
13.74	0.004128678
13.745	0.004766001
13.75	0.005761993
13.755	0.006292147
13.76	0.006148513
13.765	0.005201006
13.77	0.002907946
13.775	-0.001233825
13.78	-0.006736188
13.785	-0.011852054
13.79	-0.014583984
13.795	-0.014030264
13.8	-0.010796465
13.805	-0.006313578
13.81	-0.001924948
13.815	0.001426861
13.82	0.003214476
13.825	0.003525599
13.83	0.003127147
13.835	0.003147342
13.84	0.004478218
13.845	0.007150189
13.85	0.010094984
13.855	0.011710108
13.86	0.010925706
13.865	0.007751454
13.87	0.002855133
13.875	-0.00318571
13.88	-0.010045634
13.885	-0.017135494
13.89	-0.02307964
13.895	-0.026030045
13.9	-0.0247067
13.905	-0.019328954
13.91	-0.011847641
13.915	-0.0050503
13.92	-0.000956922
13.925	0.000155182
13.93	-0.00049576
13.935	-0.001169828
13.94	-0.000424761
13.945	0.00248004
13.95	0.007521896
13.955	0.013822755
13.96	0.019748059
13.965	0.023689992
13.97	0.02498164
13.975	0.024068613
13.98	0.021713362
13.985	0.018084054
13.99	0.013025568
13.995	0.006871845
14	0.000608335
14.005	-0.004449902
14.01	-0.007038521
14.015	-0.006425679
14.02	-0.002873825
14.025	0.002127959
14.03	0.006196356
14.035	0.007099586
14.04	0.00398645
14.045	-0.00206139
14.05	-0.008743004
14.055	-0.013800452
14.06	-0.015926442
14.065	-0.015181208
14.07	-0.012814128
14.075	-0.010516122
14.08	-0.009348024
14.085	-0.009013698
14.09	-0.008316005
14.095	-0.00630391
14.1	-0.002941746
14.105	0.000830399
14.11	0.003544544
14.115	0.003994947
14.12	0.001773631
14.125	-0.002668234
14.13	-0.008323298
14.135	-0.014037207
14.14	-0.018752901
14.145	-0.021712915
14.15	-0.022702989
14.155	-0.022148951
14.16	-0.020664426
14.165	-0.018476886
14.17	-0.015431562
14.175	-0.01134415
14.18	-0.006433318
14.185	-0.001344331
14.19	0.003452053
14.195	0.008012528
14.2	0.012396075
14.205	0.016064715
14.21	0.01814876
14.215	0.01838516
14.22	0.017765277
14.225	0.017874379
14.23	0.019425454
14.235	0.021692319
14.24	0.02325341
14.245	0.022977234
14.25	0.020563192
14.255	0.016626321
14.26	0.012367744
14.265	0.009039004
14.27	0.007530698
14.275	0.007911045
14.28	0.009069942
14.285	0.009307162
14.29	0.007602763
14.295	0.004194473
14.3	0.000148664
14.305	-0.003269425
14.31	-0.005196801
14.315	-0.005723848
14.32	-0.005878887
14.325	-0.00691707
14.33	-0.009376459
14.335	-0.012552461
14.34	-0.014906733
14.345	-0.015169576
14.35	-0.013167246
14.355	-0.009837362
14.36	-0.006523364
14.365	-0.004136884
14.37	-0.002925007
14.375	-0.002689454
14.38	-0.002905906
14.385	-0.002808944
14.39	-0.001907433
14.395	-0.000279306
14.4	0.001553052
14.405	0.002894759
14.41	0.003401812
14.415	0.003429938
14.42	0.003806158
14.425	0.0051719
14.43	0.007331318
14.435	0.009161422
14.44	0.009400632
14.445	0.007733724
14.45	0.004969147
14.455	0.002285783
14.46	0.000594872
14.465	0.000320781
14.47	0.001222087
14.475	0.002413208
14.48	0.002956708
14.485	0.002423066
14.49	0.000864415
14.495	-0.001599985
14.5	-0.004898075
14.505	-0.008583155
14.51	-0.011681431
14.515	-0.013140098
14.52	-0.012453321
14.525	-0.009833511
14.53	-0.006136187
14.535	-0.002870025
14.54	-0.001726342
14.545	-0.003572951
14.55	-0.007697593
14.555	-0.012062039
14.56	-0.014364426
14.565	-0.013212321
14.57	-0.008689384
14.575	-0.002121376
14.58	0.004561936
14.585	0.009505476
14.59	0.011647361
14.595	0.011060445
14.6	0.008499678
14.605	0.00484171
14.61	0.001058687
14.615	-0.00180814
14.62	-0.003003152
14.625	-0.002421316
14.63	-0.000457169
14.635	0.002357096
14.64	0.005407138
14.645	0.008069777
14.65	0.009867906
14.655	0.010462986
14.66	0.009572206
14.665	0.007191912
14.67	0.00374224
14.675	-7.16e-05
14.68	-0.003310216
14.685	-0.00497976
14.69	-0.004567457
14.695	-0.002447043
14.7	0.000266466
14.705	0.002443518
14.71	0.003753945
14.715	0.004755065
14.72	0.006226242
14.725	0.008454283
14.73	0.011092518
14.735	0.013469538
14.74	0.014759487
14.745	0.014095056
14.75	0.011053088
14.755	0.00613163
14.76	0.00046169
14.765	-0.004891406
14.77	-0.009352655
14.775	-0.012915292
14.78	-0.015767409
14.785	-0.017809598
14.79	-0.018670218
14.795	-0.018010612
14.8	-0.015900059
14.805	-0.012809126
14.81	-0.00921905
14.815	-0.005437624
14.82	-0.001610163
14.825	0.002247098
14.83	0.005855828
14.835	0.008232801
14.84	0.008214547
14.845	0.005596478
14.85	0.001558976
14.855	-0.001979672
14.86	-0.003452552
14.865	-0.002493387
14.87	1.8e-05
14.875	0.00272123
14.88	0.00466741
14.885	0.005597791
14.89	0.005716486
14.895	0.005493449
14.9	0.005484737
14.905	0.005961972
14.91	0.00680264
14.915	0.007732814
14.92	0.008574434
14.925	0.009449385
14.93	0.010642718
14.935	0.012107188
14.94	0.013159674
14.945	0.012859544
14.95	0.010790241
14.955	0.00734296
14.96	0.003315563
14.965	-0.00059759
14.97	-0.004054037
14.975	-0.007019013
14.98	-0.00962063
14.985	-0.011995774
14.99	-0.014137083
14.995	-0.015732217
15	-0.016272664
15.005	-0.015473691
15.01	-0.01347872
15.015	-0.010614193
15.02	-0.007108608
15.025	-0.003242275
15.03	0.000389565
15.035	0.003005068
15.04	0.003953134
15.045	0.002880202
15.05	-0.000104407
15.055	-0.004161829
15.06	-0.00774859
15.065	-0.00927898
15.07	-0.008052971
15.075	-0.004776855
15.08	-0.001318914
15.085	0.00036008
15.09	-0.000522724
15.095	-0.003240896
15.1	-0.006266921
15.105	-0.008195472
15.11	-0.008306278
15.115	-0.006604284
15.12	-0.003577906
15.125	6.45e-05
15.13	0.003590214
15.135	0.0063882
15.14	0.008186299
15.145	0.009128264
15.15	0.009496672
15.155	0.009387943
15.16	0.008723717
15.165	0.007457938
15.17	0.00562978
15.175	0.003358784
15.18	0.000841761
15.185	-0.001692515
15.19	-0.00400413
15.195	-0.005853271
15.2	-0.007020754
15.205	-0.007343941
15.21	-0.006706525
15.215	-0.005065972
15.22	-0.002605488
15.225	0.000151152
15.23	0.002447094
15.235	0.003635189
15.24	0.003620924
15.245	0.00295345
15.25	0.002365754
15.255	0.002240067
15.26	0.002404118
15.265	0.002292295
15.27	0.001350265
15.275	-0.000517733
15.28	-0.002756915
15.285	-0.004482156
15.29	-0.005086049
15.295	-0.00451858
15.3	-0.003115167
15.305	-0.001289525
15.31	0.000611269
15.315	0.002297383
15.32	0.003571196
15.325	0.004312755
15.33	0.004448316
15.335	0.003995181
15.34	0.003068036
15.345	0.001892285
15.35	0.000867059
15.355	0.000466985
15.36	0.000961631
15.365	0.002186797
15.37	0.003583862
15.375	0.004468193
15.38	0.004385578
15.385	0.003382104
15.39	0.001996694
15.395	0.00090691
15.4	0.000516881
15.405	0.000802908
15.41	0.001407173
15.415	0.001851031
15.42	0.001798912
15.425	0.00125231
15.43	0.000496018
15.435	-0.000141759
15.44	-0.000479645
15.445	-0.000548773
15.45	-0.000541579
15.455	-0.0006648
15.46	-0.001002103
15.465	-0.001463396
15.47	-0.001872865
15.475	-0.002110662
15.48	-0.002165796
15.485	-0.002044854
15.49	-0.001692202
15.495	-0.001073154
15.5	-0.000287186
15.505	0.000468372
15.51	0.001037162
15.515	0.001363266
15.52	0.001466106
15.525	0.001412516
15.53	0.001284854
15.535	0.001146678
15.54	0.001026871
15.545	0.000925703
15.55	0.000829873
15.555	0.000722738
15.56	0.000583717
15.565	0.000381544
15.57	7.61e-05
15.575	-0.000344272
15.58	-0.000810468
15.585	-0.001188266
15.59	-0.001360232
15.595	-0.001291253
15.6	-0.001032301
15.605	-0.000685246
15.61	-0.000359239
15.615	-0.000133581
15.62	-3.78e-05
15.625	-4.88e-05
15.63	-0.000111629
15.635	-0.000173968
15.64	-0.000213914
15.645	-0.000237908
15.65	-0.00025254
15.655	-0.000253816
15.66	-0.000240891
15.665	-0.000218934
15.67	-0.000190115
15.675	-0.000153461
15.68	-0.000111965
15.685	-7.75e-05
15.69	-6.38e-05
15.695	-7.62e-05
15.7	-0.000106432
15.705	-0.000134792
15.71	-0.000138993
15.715	-0.000109589
15.72	-5.94e-05
15.725	-1.59e-05
15.73	-3.45e-06
15.735	-2.89e-05
15.74	-8.05e-05
15.745	-0.000137481
15.75	-0.000181085
15.755	-0.000200751
15.76	-0.0001951
15.765	-0.000170649
15.77	-0.000138418
15.775	-0.00010898
15.78	-8.92e-05
15.785	-8.1e-05
15.79	-8.14e-05
15.795	-8.51e-05
15.8	-8.71e-05
15.805	-8.43e-05
15.81	-7.62e-05
15.815	-6.48e-05
15.82	-5.4e-05
15.825	-4.69e-05
15.83	-4.45e-05
15.835	-4.5e-05
15.84	-4.59e-05
15.845	-4.51e-05
15.85	-4.22e-05
15.855	-3.82e-05
15.86	-3.41e-05
15.865	-3.04e-05
15.87	-2.74e-05
15.875	-2.46e-05
15.88	-2.21e-05
15.885	-1.97e-05
15.89	-1.77e-05
15.895	-1.61e-05
15.9	-1.48e-05
15.905	-1.37e-05
15.91	-1.26e-05
15.915	-1.16e-05
15.92	-1.07e-05
15.925	-9.95e-06
15.93	-9.39e-06
15.935	-8.96e-06
15.94	-8.64e-06
15.945	-8.41e-06
15.95	-8.27e-06
15.955	-8.21e-06
15.96	-8.24e-06
15.965	-8.36e-06
