  0.3000000E-03 0.0000000E+00 0.0000000E+00 0.0000000E+00 0.0000000E+00 100000
  0.0000000E+00 0.1000000E-01 0.0000000E+00 0.0000000E+00 0.0000000E+00 010000
  0.0000000E+00 0.0000000E+00 0.3000000E-03 0.0000000E+00 0.0000000E+00 001000
  0.0000000E+00 0.0000000E+00 0.0000000E+00 0.1000000E-01 0.0000000E+00 000100
 ------------------------------------------------------------------------------
   1.000000     0.0000000E+00 0.0000000E+00 0.0000000E+00 0.0000000E+00 100000
  0.0000000E+00  1.000000     0.0000000E+00 0.0000000E+00 0.0000000E+00 010000
  0.0000000E+00 0.0000000E+00  1.000000     0.0000000E+00 0.0000000E+00 001000
  0.0000000E+00 0.0000000E+00 0.0000000E+00  1.000000     0.0000000E+00 000100
  0.0000000E+00 0.0000000E+00 0.0000000E+00 0.0000000E+00  1.000000     000010
 ------------------------------------------------------------------------------
  0.5089400E-04 0.1663415E-02 0.0000000E+00 0.0000000E+00 0.0000000E+00 100000
 -0.1655878E-05 0.5889192E-01 0.0000000E+00 0.0000000E+00 0.0000000E+00 010000
  0.0000000E+00 0.0000000E+00-0.4893420E-03-0.1051894E-02 0.0000000E+00 001000
  0.0000000E+00 0.0000000E+00-0.8224176E-05-0.6148360E-02 0.0000000E+00 000100
  0.0000000E+00 0.0000000E+00 0.0000000E+00 0.0000000E+00-0.6834072E-06 200000
  0.0000000E+00 0.0000000E+00 0.0000000E+00 0.0000000E+00-0.5212873E-04 110000
  0.0000000E+00 0.0000000E+00 0.0000000E+00 0.0000000E+00-0.1019612E-02 020000
  0.0000000E+00 0.0000000E+00 0.0000000E+00 0.0000000E+00-0.2454750E-06 002000
  0.0000000E+00 0.0000000E+00 0.0000000E+00 0.0000000E+00-0.8499175E-05 001100
  0.0000000E+00 0.0000000E+00 0.0000000E+00 0.0000000E+00-0.1131172E-03 000200
  0.6655091E-08 0.1133659E-07 0.0000000E+00 0.0000000E+00 0.0000000E+00 300000
  0.7470236E-06 0.1311755E-05 0.0000000E+00 0.0000000E+00 0.0000000E+00 210000
  0.2799923E-04 0.5066416E-04 0.0000000E+00 0.0000000E+00 0.0000000E+00 120000
  0.3505072E-03 0.6556419E-03 0.0000000E+00 0.0000000E+00 0.0000000E+00 030000
  0.0000000E+00 0.0000000E+00-0.1553606E-08-0.1100256E-08 0.0000000E+00 201000
  0.0000000E+00 0.0000000E+00-0.1363622E-06-0.1197848E-06 0.0000000E+00 111000
  0.0000000E+00 0.0000000E+00-0.2947078E-05-0.2970034E-05 0.0000000E+00 021000
  0.7201003E-09 0.2004143E-08 0.0000000E+00 0.0000000E+00 0.0000000E+00 102000
  0.2795828E-07 0.8045764E-07 0.0000000E+00 0.0000000E+00 0.0000000E+00 012000
  0.0000000E+00 0.0000000E+00-0.1751523E-08-0.2594980E-08 0.0000000E+00 003000
  0.0000000E+00 0.0000000E+00 0.3841826E-07 0.1020861E-06 0.0000000E+00 200100
  0.0000000E+00 0.0000000E+00 0.2257888E-05 0.6564889E-05 0.0000000E+00 110100
  0.0000000E+00 0.0000000E+00 0.2961787E-04 0.1006456E-03 0.0000000E+00 020100
  0.1421707E-07 0.8965147E-07 0.0000000E+00 0.0000000E+00 0.0000000E+00 101100
  0.6144228E-06 0.3627562E-05 0.0000000E+00 0.0000000E+00 0.0000000E+00 011100
  0.0000000E+00 0.0000000E+00-0.1304606E-06-0.2145486E-06 0.0000000E+00 002100
 -0.1174263E-06 0.7867543E-06 0.0000000E+00 0.0000000E+00 0.0000000E+00 100200
 -0.3079062E-05 0.3521828E-04 0.0000000E+00 0.0000000E+00 0.0000000E+00 010200
  0.0000000E+00 0.0000000E+00-0.3688705E-05-0.6293697E-05 0.0000000E+00 001200
  0.0000000E+00 0.0000000E+00-0.3942070E-04-0.6932534E-04 0.0000000E+00 000300
 ------------------------------------------------------------------------------
  0.1696467      5.544716     0.0000000E+00 0.0000000E+00 0.0000000E+00 100000
 -0.1655878E-03  5.889192     0.0000000E+00 0.0000000E+00 0.0000000E+00 010000
  0.0000000E+00 0.0000000E+00 -1.631140     -3.506312     0.0000000E+00 001000
  0.0000000E+00 0.0000000E+00-0.8224176E-03-0.6148360     0.0000000E+00 000100
  0.0000000E+00 0.0000000E+00 0.0000000E+00 0.0000000E+00  1.000000     000010
  0.0000000E+00 0.0000000E+00 0.0000000E+00 0.0000000E+00 0.4487497     000001
  0.0000000E+00 0.0000000E+00 0.0000000E+00 0.0000000E+00 -7.593414     200000
  0.0000000E+00 0.0000000E+00 0.0000000E+00 0.0000000E+00 -17.37624     110000
  0.0000000E+00 0.0000000E+00 0.0000000E+00 0.0000000E+00 -10.19612     020000
  0.0000000E+00 0.0000000E+00 0.0000000E+00 0.0000000E+00 -2.727500     002000
  0.0000000E+00 0.0000000E+00 0.0000000E+00 0.0000000E+00 -2.833058     001100
  -2.950337     -6.908201     0.0000000E+00 0.0000000E+00 0.0000000E+00 100001
  -3.462352     -10.73711     0.0000000E+00 0.0000000E+00 0.0000000E+00 010001
  0.0000000E+00 0.0000000E+00  4.616629      6.579655     0.0000000E+00 001001
  0.0000000E+00 0.0000000E+00 0.0000000E+00 0.0000000E+00 -1.131172     000200
  0.0000000E+00 0.0000000E+00  3.687870      6.190617     0.0000000E+00 000101
  0.0000000E+00 0.0000000E+00 0.0000000E+00 0.0000000E+00-0.3365624     000002
   246.4849      419.8738     0.0000000E+00 0.0000000E+00 0.0000000E+00 300000
   830.0262      1457.506     0.0000000E+00 0.0000000E+00 0.0000000E+00 210000
   933.3076      1688.805     0.0000000E+00 0.0000000E+00 0.0000000E+00 120000
   350.5072      655.6419     0.0000000E+00 0.0000000E+00 0.0000000E+00 030000
  0.0000000E+00 0.0000000E+00 -57.54096     -40.75020     0.0000000E+00 201000
  0.0000000E+00 0.0000000E+00 -151.5136     -133.0942     0.0000000E+00 111000
  0.0000000E+00 0.0000000E+00 -98.23595     -99.00114     0.0000000E+00 021000
   26.67038      74.22752     0.0000000E+00 0.0000000E+00 0.0000000E+00 102000
   31.06476      89.39737     0.0000000E+00 0.0000000E+00 0.0000000E+00 012000
  0.0000000E+00 0.0000000E+00 -64.87121     -96.11036     0.0000000E+00 003000
  0.0000000E+00 0.0000000E+00  42.68695      113.4289     0.0000000E+00 200100
  0.0000000E+00 0.0000000E+00  75.26292      218.8296     0.0000000E+00 110100
  0.0000000E+00 0.0000000E+00  29.61787      100.6456     0.0000000E+00 020100
   15.79674      99.61275     0.0000000E+00 0.0000000E+00 0.0000000E+00 101100
   20.48076      120.9187     0.0000000E+00 0.0000000E+00 0.0000000E+00 011100
  0.0000000E+00 0.0000000E+00 -144.9562     -238.3873     0.0000000E+00 002100
  0.0000000E+00 0.0000000E+00 0.0000000E+00 0.0000000E+00  24.44264     200001
  0.0000000E+00 0.0000000E+00 0.0000000E+00 0.0000000E+00  62.58386     110001
  0.0000000E+00 0.0000000E+00 0.0000000E+00 0.0000000E+00  39.94379     020001
  0.0000000E+00 0.0000000E+00 0.0000000E+00 0.0000000E+00  9.111329     002001
  -3.914210      26.22514     0.0000000E+00 0.0000000E+00 0.0000000E+00 100200
  -3.079062      35.21828     0.0000000E+00 0.0000000E+00 0.0000000E+00 010200
  0.0000000E+00 0.0000000E+00 -122.9568     -209.7899     0.0000000E+00 001200
  0.0000000E+00 0.0000000E+00 0.0000000E+00 0.0000000E+00  12.44945     001101
   4.654436      8.045484     0.0000000E+00 0.0000000E+00 0.0000000E+00 100002
   6.782156      14.34435     0.0000000E+00 0.0000000E+00 0.0000000E+00 010002
  0.0000000E+00 0.0000000E+00 -6.626827     -8.659213     0.0000000E+00 001002
  0.0000000E+00 0.0000000E+00 -39.42070     -69.32534     0.0000000E+00 000300
  0.0000000E+00 0.0000000E+00 0.0000000E+00 0.0000000E+00  4.574690     000201
  0.0000000E+00 0.0000000E+00 -7.455067     -10.88664     0.0000000E+00 000102
  0.0000000E+00 0.0000000E+00 0.0000000E+00 0.0000000E+00 0.2804687     000003
 ------------------------------------------------------------------------------
 -0.5359971E-04-0.1836483E-02 0.0000000E+00 0.0000000E+00-0.3448494E-02 100000
 -0.7286372E-07-0.5597295E-01 0.0000000E+00 0.0000000E+00-0.1137877     010000
  0.0000000E+00 0.0000000E+00 0.7991279E-04-0.4345811E-02 0.0000000E+00 001000
  0.0000000E+00 0.0000000E+00 0.6968420E-03-0.3546815E-03 0.0000000E+00 000100
 -0.5720070E-09 0.3327106E-07 0.0000000E+00 0.0000000E+00-0.9881254E-05 200000
 -0.1583777E-08 0.1140493E-05 0.0000000E+00 0.0000000E+00-0.6601640E-03 110000
 -0.2880262E-07-0.1591362E-06 0.0000000E+00 0.0000000E+00-0.1106861E-01 020000
  0.0000000E+00 0.0000000E+00-0.5521925E-06-0.1445807E-04 0.0000000E+00 101000
  0.0000000E+00 0.0000000E+00-0.1808822E-04-0.4775141E-03 0.0000000E+00 011000
 -0.1043074E-05-0.2575265E-05 0.0000000E+00 0.0000000E+00-0.3045584E-05 002000
  0.0000000E+00 0.0000000E+00-0.2402772E-05 0.2141746E-05 0.0000000E+00 100100
  0.0000000E+00 0.0000000E+00-0.7930582E-04 0.6858321E-04 0.0000000E+00 010100
 -0.6059509E-05-0.1599538E-04 0.0000000E+00 0.0000000E+00-0.1153276E-04 001100
  0.1756506E-06 0.4588555E-07 0.0000000E+00 0.0000000E+00-0.1197267E-03 000200
  0.5989082E-08-0.8636590E-08 0.0000000E+00 0.0000000E+00-0.8203861E-07 300000
  0.5032561E-06-0.1519810E-05 0.0000000E+00 0.0000000E+00-0.8948635E-05 210000
  0.1313514E-04-0.7549251E-04 0.0000000E+00 0.0000000E+00-0.3267634E-03 120000
  0.9971994E-04-0.1155576E-02 0.0000000E+00 0.0000000E+00-0.3999739E-02 030000
  0.0000000E+00 0.0000000E+00-0.1543661E-07 0.9201240E-07 0.0000000E+00 201000
  0.0000000E+00 0.0000000E+00-0.1001371E-05 0.5740789E-05 0.0000000E+00 111000
  0.0000000E+00 0.0000000E+00-0.1621941E-04 0.8804285E-04 0.0000000E+00 021000
 -0.3477792E-07-0.7584134E-07 0.0000000E+00 0.0000000E+00-0.3589807E-07 102000
 -0.1133596E-05-0.2482374E-05 0.0000000E+00 0.0000000E+00-0.1224032E-05 012000
  0.0000000E+00 0.0000000E+00-0.2358436E-07-0.7929884E-07 0.0000000E+00 003000
  0.0000000E+00 0.0000000E+00 0.2198202E-07-0.1207080E-07 0.0000000E+00 200100
  0.0000000E+00 0.0000000E+00 0.1446983E-05-0.3409726E-05 0.0000000E+00 110100
  0.0000000E+00 0.0000000E+00 0.2411760E-04-0.1264017E-03 0.0000000E+00 020100
  0.8619207E-07 0.1026813E-06 0.0000000E+00 0.0000000E+00-0.3050559E-06 101100
  0.2685401E-05 0.2031631E-05 0.0000000E+00 0.0000000E+00-0.1200825E-04 011100
  0.0000000E+00 0.0000000E+00-0.1911506E-07-0.1375996E-05 0.0000000E+00 002100
 -0.1659230E-07-0.5572492E-06 0.0000000E+00 0.0000000E+00-0.1056093E-05 100200
 -0.1420870E-05-0.3126251E-04 0.0000000E+00 0.0000000E+00-0.5639309E-04 010200
  0.0000000E+00 0.0000000E+00 0.3889993E-06-0.3324822E-04 0.0000000E+00 001200
  0.0000000E+00 0.0000000E+00 0.4667453E-05-0.3499125E-03 0.0000000E+00 000300
 ------------------------------------------------------------------------------
 -0.1786657     -6.121611     0.0000000E+00 0.0000000E+00 -11.49498     100000
 -0.7286372E-05 -5.597295     0.0000000E+00 0.0000000E+00 -11.37877     010000
  0.0000000E+00 0.0000000E+00 0.2663760     -14.48604     0.0000000E+00 001000
  0.0000000E+00 0.0000000E+00 0.6968420E-01-0.3546815E-01 0.0000000E+00 000100
  0.0000000E+00 0.0000000E+00 0.0000000E+00 0.0000000E+00  1.000000     000010
   2.032912      5.315602     0.0000000E+00 0.0000000E+00 0.9652075     000001
 -0.6355634E-02 0.3696785     0.0000000E+00 0.0000000E+00 -109.7917     200000
 -0.5279256E-03 0.3801644     0.0000000E+00 0.0000000E+00 -220.0547     110000
 -0.2880262E-03-0.1591362E-02 0.0000000E+00 0.0000000E+00 -110.6861     020000
  0.0000000E+00 0.0000000E+00 -6.135472     -160.6452     0.0000000E+00 101000
  0.0000000E+00 0.0000000E+00 -6.029406     -159.1714     0.0000000E+00 011000
  -11.58971     -28.61406     0.0000000E+00 0.0000000E+00 -33.83982     002000
  0.0000000E+00 0.0000000E+00-0.8009239     0.7139153     0.0000000E+00 100100
  0.0000000E+00 0.0000000E+00-0.7930582     0.6858321     0.0000000E+00 010100
  -2.019836     -5.331795     0.0000000E+00 0.0000000E+00 -3.844255     001100
   39.45320      113.9730     0.0000000E+00 0.0000000E+00  49.19175     100001
   39.54942      119.0817     0.0000000E+00 0.0000000E+00  58.71507     010001
  0.0000000E+00 0.0000000E+00  4.198396      51.56007     0.0000000E+00 001001
  0.1756506E-02 0.4588555E-03 0.0000000E+00 0.0000000E+00 -1.197267     000200
  0.0000000E+00 0.0000000E+00-0.3726226      34.31111     0.0000000E+00 000101
  -2.399513     -6.060778     0.0000000E+00 0.0000000E+00-0.9577357     000002
   221.8178     -319.8737     0.0000000E+00 0.0000000E+00 -3038.467     300000
   559.1734     -1688.678     0.0000000E+00 0.0000000E+00 -9942.927     210000
   437.8379     -2516.417     0.0000000E+00 0.0000000E+00 -10892.11     120000
   99.71994     -1155.576     0.0000000E+00 0.0000000E+00 -3999.739     030000
  0.0000000E+00 0.0000000E+00 -571.7264      3407.867     0.0000000E+00 201000
  0.0000000E+00 0.0000000E+00 -1112.634      6378.655     0.0000000E+00 111000
  0.0000000E+00 0.0000000E+00 -540.6469      2934.762     0.0000000E+00 021000
  -1288.071     -2808.939     0.0000000E+00 0.0000000E+00 -1329.558     102000
  -1259.552     -2758.193     0.0000000E+00 0.0000000E+00 -1360.035     012000
  0.0000000E+00 0.0000000E+00 -873.4947     -2936.994     0.0000000E+00 003000
  0.0000000E+00 0.0000000E+00  24.42447     -13.41200     0.0000000E+00 200100
  0.0000000E+00 0.0000000E+00  48.23276     -113.6575     0.0000000E+00 110100
  0.0000000E+00 0.0000000E+00  24.11760     -126.4017     0.0000000E+00 020100
   95.76897      114.0903     0.0000000E+00 0.0000000E+00 -338.9510     101100
   89.51336      67.72105     0.0000000E+00 0.0000000E+00 -400.2751     011100
  0.0000000E+00 0.0000000E+00 -21.23896     -1528.884     0.0000000E+00 002100
   634.7206      1273.907     0.0000000E+00 0.0000000E+00  875.8377     200001
   1235.102      2461.007     0.0000000E+00 0.0000000E+00  1926.929     110001
   600.5400      1187.066     0.0000000E+00 0.0000000E+00  1051.481     020001
  0.0000000E+00 0.0000000E+00  311.9486      1648.812     0.0000000E+00 101001
  0.0000000E+00 0.0000000E+00  314.8078      1785.033     0.0000000E+00 011001
   373.5313      999.7088     0.0000000E+00 0.0000000E+00  249.7727     002001
 -0.5530766     -18.57497     0.0000000E+00 0.0000000E+00 -35.20311     100200
  -1.420870     -31.26251     0.0000000E+00 0.0000000E+00 -56.39309     010200
  0.0000000E+00 0.0000000E+00  12.96664     -1108.274     0.0000000E+00 001200
  0.0000000E+00 0.0000000E+00  17.17610      387.5299     0.0000000E+00 100101
  0.0000000E+00 0.0000000E+00  17.65769      383.5980     0.0000000E+00 010101
   66.47602      170.4616     0.0000000E+00 0.0000000E+00  158.8122     001101
  -294.8285     -800.1299     0.0000000E+00 0.0000000E+00 -135.1188     100002
  -327.0354     -902.0320     0.0000000E+00 0.0000000E+00 -175.4201     010002
  0.0000000E+00 0.0000000E+00 -14.19696     -1.892752     0.0000000E+00 001002
  0.0000000E+00 0.0000000E+00  4.667453     -349.9125     0.0000000E+00 000300
   4.885788      12.94349     0.0000000E+00 0.0000000E+00  6.597550     000201
  0.0000000E+00 0.0000000E+00 -9.759982     -84.52738     0.0000000E+00 000102
 -0.7157279     -37.56504     0.0000000E+00 0.0000000E+00  2.145014     000003
 ------------------------------------------------------------------------------
  0.3228665E-03 0.8963118E-03 0.0000000E+00 0.0000000E+00-0.3448494E-02 100000
 -0.6870279E-08 0.9291748E-02 0.0000000E+00 0.0000000E+00-0.1137877     010000
  0.0000000E+00 0.0000000E+00-0.6210501E-03 0.1121834E-01 0.0000000E+00 001000
  0.0000000E+00 0.0000000E+00-0.5428739E-10-0.4830527E-02 0.0000000E+00 000100
  0.3445997E-08 0.7894520E-09 0.0000000E+00 0.0000000E+00-0.1065629E-04 200000
  0.9549649E-08-0.1718333E-06 0.0000000E+00 0.0000000E+00-0.6995996E-03 110000
  0.1735038E-06 0.3442527E-06 0.0000000E+00 0.0000000E+00-0.1159146E-01 020000
  0.0000000E+00 0.0000000E+00-0.2126235E-05 0.4413161E-04 0.0000000E+00 101000
  0.0000000E+00 0.0000000E+00-0.7021333E-04 0.1456315E-02 0.0000000E+00 011000
  0.6283387E-05 0.1193782E-04 0.0000000E+00 0.0000000E+00-0.5736131E-04 002000
  0.0000000E+00 0.0000000E+00 0.1325405E-06 0.1414371E-04 0.0000000E+00 100100
  0.0000000E+00 0.0000000E+00 0.4070649E-05 0.4725891E-03 0.0000000E+00 010100
  0.3650195E-04 0.6952191E-04 0.0000000E+00 0.0000000E+00 0.2822572E-04 001100
 -0.1058107E-05-0.1945925E-05 0.0000000E+00 0.0000000E+00-0.1272010E-03 000200
 -0.9309903E-08-0.1813617E-07 0.0000000E+00 0.0000000E+00-0.8201791E-07 300000
 -0.7824550E-06-0.1368387E-05 0.0000000E+00 0.0000000E+00-0.8947272E-05 210000
 -0.1568419E-04-0.2102277E-04 0.0000000E+00 0.0000000E+00-0.3267425E-03 120000
 -0.7255792E-06 0.1484438E-03 0.0000000E+00 0.0000000E+00-0.3999745E-02 030000
  0.0000000E+00 0.0000000E+00 0.1717387E-07-0.3619193E-07 0.0000000E+00 201000
  0.0000000E+00 0.0000000E+00 0.8000937E-06-0.2867800E-05 0.0000000E+00 111000
  0.0000000E+00 0.0000000E+00 0.9308011E-05-0.4772304E-04 0.0000000E+00 021000
  0.3871659E-06 0.5474826E-06 0.0000000E+00 0.0000000E+00-0.4617254E-06 102000
  0.8048191E-05 0.1119372E-04 0.0000000E+00 0.0000000E+00-0.1520083E-04 012000
  0.0000000E+00 0.0000000E+00 0.4245820E-05 0.9552974E-05 0.0000000E+00 003000
  0.0000000E+00 0.0000000E+00-0.8305974E-09-0.1764157E-06 0.0000000E+00 200100
  0.0000000E+00 0.0000000E+00-0.3322285E-06-0.4038964E-05 0.0000000E+00 110100
  0.0000000E+00 0.0000000E+00-0.1461557E-04 0.1286364E-03 0.0000000E+00 020100
 -0.5428505E-06-0.8831672E-06 0.0000000E+00 0.0000000E+00-0.3043902E-06 101100
 -0.1388719E-04-0.2293466E-04 0.0000000E+00 0.0000000E+00-0.1159280E-04 011100
  0.0000000E+00 0.0000000E+00-0.5145342E-05-0.6125574E-05 0.0000000E+00 002100
  0.8606409E-07 0.2265326E-06 0.0000000E+00 0.0000000E+00-0.1012528E-05 100200
  0.7598230E-05 0.1860098E-04 0.0000000E+00 0.0000000E+00-0.5494601E-04 010200
  0.0000000E+00 0.0000000E+00-0.2844415E-05 0.9140186E-04 0.0000000E+00 001200
  0.0000000E+00 0.0000000E+00-0.5038557E-04 0.9175172E-03 0.0000000E+00 000300
 ------------------------------------------------------------------------------
   1.076222      2.987706     0.0000000E+00 0.0000000E+00 -11.49498     100000
 -0.6870279E-06 0.9291748     0.0000000E+00 0.0000000E+00 -11.37877     010000
  0.0000000E+00 0.0000000E+00 -2.070167      37.39447     0.0000000E+00 001000
  0.0000000E+00 0.0000000E+00-0.5428739E-08-0.4830527     0.0000000E+00 000100
  0.0000000E+00 0.0000000E+00 0.0000000E+00 0.0000000E+00  1.000000     000010
  -12.24608     -23.31557     0.0000000E+00 0.0000000E+00  1.240187     000001
  0.3828886E-01 0.8771689E-02 0.0000000E+00 0.0000000E+00 -118.4032     200000
  0.3183216E-02-0.5727778E-01 0.0000000E+00 0.0000000E+00 -233.1999     110000
  0.1735038E-02 0.3442527E-02 0.0000000E+00 0.0000000E+00 -115.9146     020000
  0.0000000E+00 0.0000000E+00 -23.62484      490.3512     0.0000000E+00 101000
  0.0000000E+00 0.0000000E+00 -23.40444      485.4382     0.0000000E+00 011000
   69.81542      132.6424     0.0000000E+00 0.0000000E+00 -637.3479     002000
  0.0000000E+00 0.0000000E+00 0.4418017E-01  4.714571     0.0000000E+00 100100
  0.0000000E+00 0.0000000E+00 0.4070649E-01  4.725891     0.0000000E+00 010100
   12.16732      23.17397     0.0000000E+00 0.0000000E+00  9.408573     001100
  -251.8096     -477.5561     0.0000000E+00 0.0000000E+00  94.06453     100001
  -249.4960     -475.2229     0.0000000E+00 0.0000000E+00  88.08999     010001
  0.0000000E+00 0.0000000E+00 -19.68936     -263.4065     0.0000000E+00 001001
 -0.1058107E-01-0.1945925E-01 0.0000000E+00 0.0000000E+00 -1.272010     000200
  0.0000000E+00 0.0000000E+00  5.231751     -89.90942     0.0000000E+00 000101
   46.06842      73.55371     0.0000000E+00 0.0000000E+00 -87.63035     000002
  -344.8112     -671.7099     0.0000000E+00 0.0000000E+00 -3037.700     300000
  -869.3944     -1520.430     0.0000000E+00 0.0000000E+00 -9941.413     210000
  -522.8064     -700.7589     0.0000000E+00 0.0000000E+00 -10891.42     120000
 -0.7255792      148.4438     0.0000000E+00 0.0000000E+00 -3999.745     030000
  0.0000000E+00 0.0000000E+00  636.0691     -1340.442     0.0000000E+00 201000
  0.0000000E+00 0.0000000E+00  888.9930     -3186.445     0.0000000E+00 111000
  0.0000000E+00 0.0000000E+00  310.2670     -1590.768     0.0000000E+00 021000
   14339.48      20277.13     0.0000000E+00 0.0000000E+00 -17100.94     102000
   8942.435      12437.47     0.0000000E+00 0.0000000E+00 -16889.81     012000
  0.0000000E+00 0.0000000E+00  157252.6      353813.8     0.0000000E+00 003000
  0.0000000E+00 0.0000000E+00-0.9228860     -196.0174     0.0000000E+00 200100
  0.0000000E+00 0.0000000E+00 -11.07428     -134.6321     0.0000000E+00 110100
  0.0000000E+00 0.0000000E+00 -14.61557      128.6364     0.0000000E+00 020100
  -603.1672     -981.2969     0.0000000E+00 0.0000000E+00 -338.2113     101100
  -462.9062     -764.4886     0.0000000E+00 0.0000000E+00 -386.4267     011100
  0.0000000E+00 0.0000000E+00 -5717.046     -6806.193     0.0000000E+00 002100
  -8939.364     -15799.63     0.0000000E+00 0.0000000E+00  1808.943     200001
  -15694.12     -28117.69     0.0000000E+00 0.0000000E+00  3480.518     110001
  -6989.899     -12622.42     0.0000000E+00 0.0000000E+00  1672.292     020001
  0.0000000E+00 0.0000000E+00 -3755.228     -24063.30     0.0000000E+00 101001
  0.0000000E+00 0.0000000E+00 -2331.953     -20963.63     0.0000000E+00 011001
  -61726.32     -90296.62     0.0000000E+00 0.0000000E+00  9150.289     002001
   2.868803      7.551087     0.0000000E+00 0.0000000E+00 -33.75095     100200
   7.598230      18.60098     0.0000000E+00 0.0000000E+00 -54.94601     010200
  0.0000000E+00 0.0000000E+00 -94.81385      3046.729     0.0000000E+00 001200
  0.0000000E+00 0.0000000E+00  92.46726     -1046.428     0.0000000E+00 100101
  0.0000000E+00 0.0000000E+00  75.90405     -1077.051     0.0000000E+00 010101
   744.1219      813.3978     0.0000000E+00 0.0000000E+00  3138.626     001101
   13213.15      21111.36     0.0000000E+00 0.0000000E+00 -3835.308     100002
   10838.04      18199.01     0.0000000E+00 0.0000000E+00 -3827.037     010002
  0.0000000E+00 0.0000000E+00  8015.351      19744.34     0.0000000E+00 001002
  0.0000000E+00 0.0000000E+00 -50.38557      917.5172     0.0000000E+00 000300
  -35.19084     -63.49504     0.0000000E+00 0.0000000E+00 -25.33000     000201
  0.0000000E+00 0.0000000E+00 -36.92184      317.4485     0.0000000E+00 000102
  -9532.750     -12086.89     0.0000000E+00 0.0000000E+00  559.8389     000003
 ------------------------------------------------------------------------------
  0.1312900E-03 0.3458272E-02 0.0000000E+00 0.0000000E+00-0.3448494E-02 100000
 -0.8459781E-08 0.2284995E-01 0.0000000E+00 0.0000000E+00-0.1137877     010000
  0.0000000E+00 0.0000000E+00 0.2267818E-02-0.2925167E-03 0.0000000E+00 001000
  0.0000000E+00 0.0000000E+00 0.2316291E-10 0.1322857E-02 0.0000000E+00 000100
  0.1401282E-08 0.1532647E-07 0.0000000E+00 0.0000000E+00-0.1806510E-04 200000
  0.3883379E-08-0.3854741E-06 0.0000000E+00 0.0000000E+00-0.8037600E-03 110000
  0.7055347E-07 0.1520505E-05 0.0000000E+00 0.0000000E+00-0.1195903E-01 020000
  0.0000000E+00 0.0000000E+00 0.7764133E-05-0.2569098E-05 0.0000000E+00 101000
  0.0000000E+00 0.0000000E+00 0.2563900E-03-0.8455961E-04 0.0000000E+00 011000
  0.2555073E-05 0.5376327E-04 0.0000000E+00 0.0000000E+00-0.1036369E-03 002000
  0.0000000E+00 0.0000000E+00-0.4839825E-06-0.4466525E-05 0.0000000E+00 100100
  0.0000000E+00 0.0000000E+00-0.1486431E-04-0.1476394E-03 0.0000000E+00 010100
  0.1484313E-04 0.3127483E-03 0.0000000E+00 0.0000000E+00 0.7248121E-04 001100
 -0.4302679E-06-0.8895295E-05 0.0000000E+00 0.0000000E+00-0.1380652E-03 000200
  0.3297681E-06 0.3365528E-06 0.0000000E+00 0.0000000E+00-0.8207767E-07 300000
  0.6626897E-05 0.2376805E-05 0.0000000E+00 0.0000000E+00-0.8945904E-05 210000
  0.4185052E-04-0.5098486E-04 0.0000000E+00 0.0000000E+00-0.3267363E-03 120000
  0.1114046E-03 0.5065630E-03 0.0000000E+00 0.0000000E+00-0.3999790E-02 030000
  0.0000000E+00 0.0000000E+00 0.4064513E-06 0.5811105E-06 0.0000000E+00 201000
  0.0000000E+00 0.0000000E+00 0.2889120E-05 0.5426084E-05 0.0000000E+00 111000
  0.0000000E+00 0.0000000E+00-0.1635055E-04-0.2855498E-05 0.0000000E+00 021000
 -0.2877538E-06 0.3363116E-05 0.0000000E+00 0.0000000E+00-0.1057682E-05 102000
  0.4926857E-06 0.6304220E-04 0.0000000E+00 0.0000000E+00-0.2897831E-04 012000
  0.0000000E+00 0.0000000E+00-0.3194414E-04-0.4001730E-04 0.0000000E+00 003000
  0.0000000E+00 0.0000000E+00-0.1649571E-06-0.1999729E-06 0.0000000E+00 200100
  0.0000000E+00 0.0000000E+00-0.7883378E-06-0.5382767E-06 0.0000000E+00 110100
  0.0000000E+00 0.0000000E+00 0.4761127E-04 0.2064211E-04 0.0000000E+00 020100
  0.1156577E-06-0.4873771E-05 0.0000000E+00 0.0000000E+00-0.1577503E-05 101100
 -0.3604783E-05-0.1150938E-03 0.0000000E+00 0.0000000E+00-0.1939953E-04 011100
  0.0000000E+00 0.0000000E+00 0.4189713E-04 0.5049560E-04 0.0000000E+00 002100
 -0.2293966E-07 0.1057924E-05 0.0000000E+00 0.0000000E+00-0.9101371E-06 100200
  0.2756344E-05 0.7655786E-04 0.0000000E+00 0.0000000E+00-0.5251664E-04 010200
  0.0000000E+00 0.0000000E+00-0.4680376E-06-0.2437930E-04 0.0000000E+00 001200
  0.0000000E+00 0.0000000E+00 0.1856917E-03-0.2386137E-04 0.0000000E+00 000300
 ------------------------------------------------------------------------------
  0.4376335      11.52757     0.0000000E+00 0.0000000E+00 -11.49498     100000
 -0.8459781E-06  2.284995     0.0000000E+00 0.0000000E+00 -11.37877     010000
  0.0000000E+00 0.0000000E+00  7.559395    -0.9750557     0.0000000E+00 001000
  0.0000000E+00 0.0000000E+00 0.2316291E-08 0.1322857     0.0000000E+00 000100
  0.0000000E+00 0.0000000E+00 0.0000000E+00 0.0000000E+00  1.000000     000010
  -4.979740     -104.9036     0.0000000E+00 0.0000000E+00  1.670982     000001
  0.1556980E-01 0.1702941     0.0000000E+00 0.0000000E+00 -200.7234     200000
  0.1294460E-02-0.1284914     0.0000000E+00 0.0000000E+00 -267.9200     110000
  0.7055347E-03 0.1520505E-01 0.0000000E+00 0.0000000E+00 -119.5903     020000
  0.0000000E+00 0.0000000E+00  86.26814     -28.54553     0.0000000E+00 101000
  0.0000000E+00 0.0000000E+00  85.46335     -28.18654     0.0000000E+00 011000
   28.38970      597.3696     0.0000000E+00 0.0000000E+00 -1151.521     002000
  0.0000000E+00 0.0000000E+00-0.1613275     -1.488842     0.0000000E+00 100100
  0.0000000E+00 0.0000000E+00-0.1486431     -1.476394     0.0000000E+00 010100
   4.947710      104.2494     0.0000000E+00 0.0000000E+00  24.16040     001100
  -117.5906     -2176.516     0.0000000E+00 0.0000000E+00  1568.361     100001
  -104.6722     -2143.164     0.0000000E+00 0.0000000E+00  398.6574     010001
  0.0000000E+00 0.0000000E+00  183.4123      281.9111     0.0000000E+00 001001
 -0.4302679E-02-0.8895295E-01 0.0000000E+00 0.0000000E+00 -1.380652     000200
  0.0000000E+00 0.0000000E+00 -20.74673    -0.5335889     0.0000000E+00 000101
   154.6492      571.1501     0.0000000E+00 0.0000000E+00 -6690.810     000002
   12213.63      12464.92     0.0000000E+00 0.0000000E+00 -3039.914     300000
   7363.219      2640.894     0.0000000E+00 0.0000000E+00 -9939.893     210000
   1395.017     -1699.495     0.0000000E+00 0.0000000E+00 -10891.21     120000
   111.4046      506.5630     0.0000000E+00 0.0000000E+00 -3999.790     030000
  0.0000000E+00 0.0000000E+00  15053.75      21522.61     0.0000000E+00 201000
  0.0000000E+00 0.0000000E+00  3210.133      6028.983     0.0000000E+00 111000
  0.0000000E+00 0.0000000E+00 -545.0183     -95.18327     0.0000000E+00 021000
  -10657.55      124559.9     0.0000000E+00 0.0000000E+00 -39173.39     102000
   547.4285      70046.89     0.0000000E+00 0.0000000E+00 -32198.12     012000
  0.0000000E+00 0.0000000E+00 -1183116.     -1482122.     0.0000000E+00 003000
  0.0000000E+00 0.0000000E+00 -183.2857     -222.1921     0.0000000E+00 200100
  0.0000000E+00 0.0000000E+00 -26.27793     -17.94256     0.0000000E+00 110100
  0.0000000E+00 0.0000000E+00  47.61127      20.64211     0.0000000E+00 020100
   128.5086     -5415.301     0.0000000E+00 0.0000000E+00 -1752.781     101100
  -120.1594     -3836.460     0.0000000E+00 0.0000000E+00 -646.6511     011100
  0.0000000E+00 0.0000000E+00  46552.37      56106.22     0.0000000E+00 002100
  -336646.1     -489036.4     0.0000000E+00 0.0000000E+00  32392.77     200001
  -145036.9     -304914.0     0.0000000E+00 0.0000000E+00  40015.09     110001
  -17283.07     -76591.42     0.0000000E+00 0.0000000E+00  8017.871     020001
  0.0000000E+00 0.0000000E+00 -306027.1     -416211.4     0.0000000E+00 101001
  0.0000000E+00 0.0000000E+00 -49959.43     -66446.83     0.0000000E+00 011001
   126238.0     -624849.2     0.0000000E+00 0.0000000E+00  95237.19     002001
 -0.7646554      35.26413     0.0000000E+00 0.0000000E+00 -30.33790     100200
   2.756344      76.55786     0.0000000E+00 0.0000000E+00 -52.51664     010200
  0.0000000E+00 0.0000000E+00 -15.60125     -812.6434     0.0000000E+00 001200
  0.0000000E+00 0.0000000E+00  3159.630      5062.317     0.0000000E+00 100101
  0.0000000E+00 0.0000000E+00  365.9666      940.7298     0.0000000E+00 010101
  -3303.101      10361.44     0.0000000E+00 0.0000000E+00  18527.40     001101
   3000524.      3830315.     0.0000000E+00 0.0000000E+00 -285448.1     100002
   630051.3      874208.2     0.0000000E+00 0.0000000E+00 -275217.4     010002
  0.0000000E+00 0.0000000E+00  1452495.      1983657.     0.0000000E+00 001002
  0.0000000E+00 0.0000000E+00  185.6917     -23.86137     0.0000000E+00 000300
   3.947665     -340.8649     0.0000000E+00 0.0000000E+00 -71.29457     000201
  0.0000000E+00 0.0000000E+00 -16330.10     -24072.36     0.0000000E+00 000102
  -8967666.    -0.1118734E+08 0.0000000E+00 0.0000000E+00  70805.36     000003
 ------------------------------------------------------------------------------
 -0.2770221E-03-0.1816905E-02 0.0000000E+00 0.0000000E+00-0.8798903E-02 100000
 -0.9768753E-08-0.1082953E-01 0.0000000E+00 0.0000000E+00-0.1478125     010000
  0.0000000E+00 0.0000000E+00-0.2327814E-02 0.1567000E-02 0.0000000E+00 001000
  0.0000000E+00 0.0000000E+00-0.6204660E-09-0.1288762E-02 0.0000000E+00 000100
 -0.1001294E-04 0.2349104E-04 0.0000000E+00 0.0000000E+00-0.3308184E-04 200000
 -0.6607017E-04 0.3495320E-03 0.0000000E+00 0.0000000E+00-0.9941651E-03 110000
 -0.1368654E-05 0.1282458E-02 0.0000000E+00 0.0000000E+00-0.1256980E-01 020000
  0.0000000E+00 0.0000000E+00 0.2996755E-03 0.2706335E-03 0.0000000E+00 101000
  0.0000000E+00 0.0000000E+00 0.1828339E-02 0.2017634E-02 0.0000000E+00 011000
 -0.3491238E-03-0.3051625E-03 0.0000000E+00 0.0000000E+00-0.1963958E-03 002000
  0.0000000E+00 0.0000000E+00-0.1115267E-03-0.9083538E-04 0.0000000E+00 100100
  0.0000000E+00 0.0000000E+00-0.7467388E-03-0.5095567E-03 0.0000000E+00 010100
  0.2175805E-03 0.3289540E-04 0.0000000E+00 0.0000000E+00-0.4103751E-03 001100
 -0.4443265E-04-0.3199823E-04 0.0000000E+00 0.0000000E+00-0.1259341E-03 000200
 -0.3706935E-06-0.1872389E-06 0.0000000E+00 0.0000000E+00-0.1158507E-05 300000
 -0.4377779E-05 0.6992763E-06 0.0000000E+00 0.0000000E+00-0.2392527E-04 210000
 -0.3469189E-05 0.5590899E-04 0.0000000E+00 0.0000000E+00-0.3228485E-03 120000
  0.2813679E-07-0.1573691E-03 0.0000000E+00 0.0000000E+00-0.4940992E-02 030000
  0.0000000E+00 0.0000000E+00 0.1642334E-04 0.1348694E-04 0.0000000E+00 201000
  0.0000000E+00 0.0000000E+00 0.2626508E-03 0.2157240E-03 0.0000000E+00 111000
  0.0000000E+00 0.0000000E+00 0.1043577E-02 0.8452720E-03 0.0000000E+00 021000
 -0.5024682E-04-0.4205270E-04 0.0000000E+00 0.0000000E+00-0.7074084E-05 102000
 -0.4154599E-03-0.3641466E-03 0.0000000E+00 0.0000000E+00-0.1347007E-03 012000
  0.0000000E+00 0.0000000E+00-0.1526621E-08-0.6226539E-05 0.0000000E+00 003000
  0.0000000E+00 0.0000000E+00-0.5241100E-05-0.4292114E-05 0.0000000E+00 200100
  0.0000000E+00 0.0000000E+00-0.6630275E-04-0.5424179E-04 0.0000000E+00 110100
  0.0000000E+00 0.0000000E+00-0.2547870E-03-0.1592344E-03 0.0000000E+00 020100
  0.3303720E-04 0.3528413E-04 0.0000000E+00 0.0000000E+00 0.3516083E-05 101100
  0.2468262E-03 0.2928701E-03 0.0000000E+00 0.0000000E+00 0.1451653E-03 011100
  0.0000000E+00 0.0000000E+00 0.2407200E-04 0.3097788E-04 0.0000000E+00 002100
 -0.6082408E-05-0.5661273E-05 0.0000000E+00 0.0000000E+00-0.2523466E-05 100200
 -0.4085258E-04-0.6987469E-04 0.0000000E+00 0.0000000E+00-0.1709333E-03 010200
  0.0000000E+00 0.0000000E+00-0.2547103E-04 0.1767477E-05 0.0000000E+00 001200
  0.0000000E+00 0.0000000E+00-0.1884688E-03 0.1299956E-03 0.0000000E+00 000300
 ------------------------------------------------------------------------------
 -0.9234070     -6.056349     0.0000000E+00 0.0000000E+00 -29.32968     100000
 -0.9768753E-06 -1.082953     0.0000000E+00 0.0000000E+00 -14.78125     010000
  0.0000000E+00 0.0000000E+00 -7.759381      5.223332     0.0000000E+00 001000
  0.0000000E+00 0.0000000E+00-0.6204660E-07-0.1288762     0.0000000E+00 000100
  0.0000000E+00 0.0000000E+00 0.0000000E+00 0.0000000E+00  1.000000     000010
   13.64908      57.75776     0.0000000E+00 0.0000000E+00  166.6315     000001
  -111.2549      261.0115     0.0000000E+00 0.0000000E+00 -367.5760     200000
  -22.02339      116.5107     0.0000000E+00 0.0000000E+00 -331.3884     110000
 -0.1368654E-01  12.82458     0.0000000E+00 0.0000000E+00 -125.6980     020000
  0.0000000E+00 0.0000000E+00  3329.727      3007.039     0.0000000E+00 101000
  0.0000000E+00 0.0000000E+00  609.4463      672.5446     0.0000000E+00 011000
  -3879.153     -3390.695     0.0000000E+00 0.0000000E+00 -2182.176     002000
  0.0000000E+00 0.0000000E+00 -37.17557     -30.27846     0.0000000E+00 100100
  0.0000000E+00 0.0000000E+00 -7.467388     -5.095567     0.0000000E+00 010100
   72.52682      10.96513     0.0000000E+00 0.0000000E+00 -136.7917     001100
   2949.040     -3088.063     0.0000000E+00 0.0000000E+00  8079.146     100001
   556.8709      193.7731     0.0000000E+00 0.0000000E+00  4340.373     010001
  0.0000000E+00 0.0000000E+00 -30281.25     -25999.24     0.0000000E+00 001001
 -0.4443265    -0.3199823     0.0000000E+00 0.0000000E+00 -1.259341     000200
  0.0000000E+00 0.0000000E+00  350.0287      267.3170     0.0000000E+00 000101
  -15632.79      16895.62     0.0000000E+00 0.0000000E+00 -22108.47     000002
  -13729.39     -6934.775     0.0000000E+00 0.0000000E+00 -42907.66     300000
  -4864.199      776.9736     0.0000000E+00 0.0000000E+00 -26583.63     210000
  -115.6396      1863.633     0.0000000E+00 0.0000000E+00 -10761.62     120000
  0.2813679E-01 -157.3691     0.0000000E+00 0.0000000E+00 -4940.992     030000
  0.0000000E+00 0.0000000E+00  608272.0      499516.2     0.0000000E+00 201000
  0.0000000E+00 0.0000000E+00  291834.2      239693.3     0.0000000E+00 111000
  0.0000000E+00 0.0000000E+00  34785.91      28175.73     0.0000000E+00 021000
  -1860993.     -1557507.     0.0000000E+00 0.0000000E+00 -262003.1     102000
  -461622.1     -404607.3     0.0000000E+00 0.0000000E+00 -149667.4     012000
  0.0000000E+00 0.0000000E+00 -56.54153     -230612.6     0.0000000E+00 003000
  0.0000000E+00 0.0000000E+00 -5823.444     -4769.015     0.0000000E+00 200100
  0.0000000E+00 0.0000000E+00 -2210.092     -1808.060     0.0000000E+00 110100
  0.0000000E+00 0.0000000E+00 -254.7870     -159.2344     0.0000000E+00 020100
   36708.00      39204.58     0.0000000E+00 0.0000000E+00  3906.759     101100
   8227.539      9762.337     0.0000000E+00 0.0000000E+00  4838.844     011100
  0.0000000E+00 0.0000000E+00  26746.66      34419.86     0.0000000E+00 002100
   548241.2      264561.8     0.0000000E+00 0.0000000E+00  1414169.     200001
   212807.2      46746.29     0.0000000E+00 0.0000000E+00  818278.1     110001
   20926.93      15934.74     0.0000000E+00 0.0000000E+00  163014.1     020001
  0.0000000E+00 0.0000000E+00-0.1072607E+08 -8829504.     0.0000000E+00 101001
  0.0000000E+00 0.0000000E+00 -3061777.     -2550820.     0.0000000E+00 011001
  0.1548459E+08 0.1275310E+08 0.0000000E+00 0.0000000E+00  1300802.     002001
  -202.7469     -188.7091     0.0000000E+00 0.0000000E+00 -84.11553     100200
  -40.85258     -69.87469     0.0000000E+00 0.0000000E+00 -170.9333     010200
  0.0000000E+00 0.0000000E+00 -849.0343      58.91590     0.0000000E+00 001200
  0.0000000E+00 0.0000000E+00  101997.7      82151.26     0.0000000E+00 100101
  0.0000000E+00 0.0000000E+00  24689.65      19755.04     0.0000000E+00 010101
  -290084.9     -303954.3     0.0000000E+00 0.0000000E+00  29355.70     001101
  -6038576.     -2926304.     0.0000000E+00 0.0000000E+00-0.1190090E+08 100002
  -1435628.      147193.2     0.0000000E+00 0.0000000E+00 -3256370.     010002
  0.0000000E+00 0.0000000E+00 0.4185718E+08 0.3426310E+08 0.0000000E+00 001002
  0.0000000E+00 0.0000000E+00 -188.4688      129.9956     0.0000000E+00 000300
   1652.268      1568.933     0.0000000E+00 0.0000000E+00  450.6187     000201
  0.0000000E+00 0.0000000E+00 -383691.4     -307300.0     0.0000000E+00 000102
  0.1948634E+08 0.1314543E+08 0.0000000E+00 0.0000000E+00 0.3287812E+08 000003
 ------------------------------------------------------------------------------
