  0.3000000E-03 0.0000000E+00 0.0000000E+00 0.0000000E+00 0.0000000E+00 100000
  0.0000000E+00 0.1000000E-01 0.0000000E+00 0.0000000E+00 0.0000000E+00 010000
  0.0000000E+00 0.0000000E+00 0.3000000E-03 0.0000000E+00 0.0000000E+00 001000
  0.0000000E+00 0.0000000E+00 0.0000000E+00 0.1000000E-01 0.0000000E+00 000100
 ------------------------------------------------------------------------------
   1.000000     0.0000000E+00 0.0000000E+00 0.0000000E+00 0.0000000E+00 100000
  0.0000000E+00  1.000000     0.0000000E+00 0.0000000E+00 0.0000000E+00 010000
  0.0000000E+00 0.0000000E+00  1.000000     0.0000000E+00 0.0000000E+00 001000
  0.0000000E+00 0.0000000E+00 0.0000000E+00  1.000000     0.0000000E+00 000100
  0.0000000E+00 0.0000000E+00 0.0000000E+00 0.0000000E+00  1.000000     000010
 ------------------------------------------------------------------------------
  0.3732269E-02-0.2498459E-04 0.0000000E+00 0.0000000E+00-0.1783730E-02 100000
  0.1199427     0.8792295E-06 0.0000000E+00 0.0000000E+00-0.5721789E-01 010000
  0.0000000E+00 0.0000000E+00 0.1361600E-02 0.8472846E-03 0.0000000E+00 001000
  0.0000000E+00 0.0000000E+00-0.1566238E-02 0.1228665E-02 0.0000000E+00 000100
  0.6127826E-05 0.8245707E-07 0.0000000E+00 0.0000000E+00-0.5234708E-05 200000
  0.3951937E-03 0.2651395E-05 0.0000000E+00 0.0000000E+00-0.3474288E-03 110000
  0.6371420E-02-0.9465762E-07 0.0000000E+00 0.0000000E+00-0.5809891E-02 020000
  0.0000000E+00 0.0000000E+00 0.5322044E-05 0.4942831E-06 0.0000000E+00 101000
  0.0000000E+00 0.0000000E+00 0.1706850E-03 0.1596372E-04 0.0000000E+00 011000
 -0.2503080E-06-0.5122571E-06 0.0000000E+00 0.0000000E+00-0.1553752E-05 002000
  0.0000000E+00 0.0000000E+00-0.8768376E-08-0.5376473E-05 0.0000000E+00 100100
  0.0000000E+00 0.0000000E+00-0.1832565E-06-0.1724978E-03 0.0000000E+00 010100
 -0.3775038E-06-0.1956918E-05 0.0000000E+00 0.0000000E+00-0.9997442E-05 001100
  0.3521596E-06 0.1127198E-05 0.0000000E+00 0.0000000E+00-0.1152549E-03 000200
  0.8389284E-07-0.2096658E-08 0.0000000E+00 0.0000000E+00-0.4352396E-07 300000
  0.9244203E-05-0.2553251E-06 0.0000000E+00 0.0000000E+00-0.4756432E-05 210000
  0.3412630E-03-0.1021012E-04 0.0000000E+00 0.0000000E+00-0.1742548E-03 120000
  0.4226254E-02-0.1346672E-03 0.0000000E+00 0.0000000E+00-0.2142775E-02 030000
  0.0000000E+00 0.0000000E+00 0.1328364E-07-0.3389338E-07 0.0000000E+00 201000
  0.0000000E+00 0.0000000E+00 0.9952983E-06-0.2124349E-05 0.0000000E+00 111000
  0.0000000E+00 0.0000000E+00 0.1874450E-04-0.3299814E-04 0.0000000E+00 021000
  0.2672408E-07-0.1388838E-07 0.0000000E+00 0.0000000E+00-0.1620867E-07 102000
  0.9096208E-06-0.4525807E-06 0.0000000E+00 0.0000000E+00-0.5456523E-06 012000
  0.0000000E+00 0.0000000E+00 0.2032034E-07 0.2156166E-08 0.0000000E+00 003000
  0.0000000E+00 0.0000000E+00-0.9593764E-07-0.1168700E-07 0.0000000E+00 200100
  0.0000000E+00 0.0000000E+00-0.5509836E-05-0.5350751E-06 0.0000000E+00 110100
  0.0000000E+00 0.0000000E+00-0.6853711E-04 0.1590279E-07 0.0000000E+00 020100
  0.3195422E-06 0.3163621E-07 0.0000000E+00 0.0000000E+00-0.1509842E-06 101100
  0.1277257E-04 0.9312140E-06 0.0000000E+00 0.0000000E+00-0.6057490E-05 011100
  0.0000000E+00 0.0000000E+00 0.4370259E-06 0.2090632E-06 0.0000000E+00 002100
  0.7149100E-06 0.2801558E-07 0.0000000E+00 0.0000000E+00-0.3353411E-06 100200
  0.4743721E-04 0.5824631E-06 0.0000000E+00 0.0000000E+00-0.2248812E-04 010200
  0.0000000E+00 0.0000000E+00 0.1060716E-04 0.5965840E-05 0.0000000E+00 001200
  0.0000000E+00 0.0000000E+00 0.1123884E-03 0.6445796E-04 0.0000000E+00 000300
 ------------------------------------------------------------------------------
   12.44090    -0.8328195E-01 0.0000000E+00 0.0000000E+00 -5.945766     100000
   11.99427     0.8792295E-04 0.0000000E+00 0.0000000E+00 -5.721789     010000
  0.0000000E+00 0.0000000E+00  4.538667      2.824282     0.0000000E+00 001000
  0.0000000E+00 0.0000000E+00-0.1566238     0.1228665     0.0000000E+00 000100
  0.0000000E+00 0.0000000E+00 0.0000000E+00 0.0000000E+00  1.000000     000010
  0.1309278     0.4770446     0.0000000E+00 0.0000000E+00 0.7938716     000001
   68.08696     0.9161897     0.0000000E+00 0.0000000E+00 -58.16343     200000
   131.7312     0.8837984     0.0000000E+00 0.0000000E+00 -115.8096     110000
   63.71420    -0.9465762E-03 0.0000000E+00 0.0000000E+00 -58.09891     020000
  0.0000000E+00 0.0000000E+00  59.13383      5.492034     0.0000000E+00 101000
  0.0000000E+00 0.0000000E+00  56.89499      5.321239     0.0000000E+00 011000
  -2.781200     -5.691746     0.0000000E+00 0.0000000E+00 -17.26391     002000
  0.0000000E+00 0.0000000E+00-0.2922792E-02 -1.792158     0.0000000E+00 100100
  0.0000000E+00 0.0000000E+00-0.1832565E-02 -1.724978     0.0000000E+00 010100
 -0.1258346    -0.6523060     0.0000000E+00 0.0000000E+00 -3.332481     001100
  -41.43508      4.425448     0.0000000E+00 0.0000000E+00  23.84191     100001
  -52.63245      4.619200     0.0000000E+00 0.0000000E+00  29.06993     010001
  0.0000000E+00 0.0000000E+00 -20.59989     -4.954976     0.0000000E+00 001001
  0.3521596E-02 0.1127198E-01 0.0000000E+00 0.0000000E+00 -1.152549     000200
  0.0000000E+00 0.0000000E+00 -10.97819     -6.102763     0.0000000E+00 000101
 -0.8389893E-01-0.1399476     0.0000000E+00 0.0000000E+00-0.5960193     000002
   3107.142     -77.65400     0.0000000E+00 0.0000000E+00 -1611.999     300000
   10271.34     -283.6945     0.0000000E+00 0.0000000E+00 -5284.925     210000
   11375.43     -340.3374     0.0000000E+00 0.0000000E+00 -5808.492     120000
   4226.254     -134.6672     0.0000000E+00 0.0000000E+00 -2142.775     030000
  0.0000000E+00 0.0000000E+00  491.9866     -1255.310     0.0000000E+00 201000
  0.0000000E+00 0.0000000E+00  1105.887     -2360.387     0.0000000E+00 111000
  0.0000000E+00 0.0000000E+00  624.8167     -1099.938     0.0000000E+00 021000
   989.7807     -514.3845     0.0000000E+00 0.0000000E+00 -600.3210     102000
   1010.690     -502.8674     0.0000000E+00 0.0000000E+00 -606.2803     012000
  0.0000000E+00 0.0000000E+00  752.6050      79.85799     0.0000000E+00 003000
  0.0000000E+00 0.0000000E+00 -106.5974     -12.98556     0.0000000E+00 200100
  0.0000000E+00 0.0000000E+00 -183.6612     -17.83584     0.0000000E+00 110100
  0.0000000E+00 0.0000000E+00 -68.53711     0.1590279E-01 0.0000000E+00 020100
   355.0469      35.15135     0.0000000E+00 0.0000000E+00 -167.7603     101100
   425.7523      31.04047     0.0000000E+00 0.0000000E+00 -201.9163     011100
  0.0000000E+00 0.0000000E+00  485.5843      232.2925     0.0000000E+00 002100
  -455.6078     -22.65535     0.0000000E+00 0.0000000E+00  396.3150     200001
  -1017.386     -45.37662     0.0000000E+00 0.0000000E+00  884.3362     110001
  -557.8451     -21.79960     0.0000000E+00 0.0000000E+00  487.5600     020001
  0.0000000E+00 0.0000000E+00 -431.2119     -92.55846     0.0000000E+00 101001
  0.0000000E+00 0.0000000E+00 -475.8707     -94.80051     0.0000000E+00 011001
   17.94168      19.22542     0.0000000E+00 0.0000000E+00  121.2305     002001
   23.83033     0.9338526     0.0000000E+00 0.0000000E+00 -11.17804     100200
   47.43721     0.5824631     0.0000000E+00 0.0000000E+00 -22.48812     010200
  0.0000000E+00 0.0000000E+00  353.5721      198.8613     0.0000000E+00 001200
  0.0000000E+00 0.0000000E+00 -136.0868     -11.71835     0.0000000E+00 100101
  0.0000000E+00 0.0000000E+00 -130.9248     -9.513409     0.0000000E+00 010101
   13.12632      27.27995     0.0000000E+00 0.0000000E+00  79.14668     001101
   76.70704     -13.61806     0.0000000E+00 0.0000000E+00 -53.77682     100002
   111.3201     -17.21272     0.0000000E+00 0.0000000E+00 -73.79948     010002
  0.0000000E+00 0.0000000E+00  43.60485    -0.8688260     0.0000000E+00 001002
  0.0000000E+00 0.0000000E+00  112.3884      64.45796     0.0000000E+00 000300
  0.3119910      1.572475     0.0000000E+00 0.0000000E+00  5.593662     000201
  0.0000000E+00 0.0000000E+00  37.12112      6.235183     0.0000000E+00 000102
  0.6906681E-01 0.8155487E-01 0.0000000E+00 0.0000000E+00 0.5011741     000003
 ------------------------------------------------------------------------------
 -0.1125868E-03-0.9115158E-03 0.0000000E+00 0.0000000E+00-0.3560917E-02 100000
 -0.2017546E-06-0.2664773E-01 0.0000000E+00 0.0000000E+00-0.1144360     010000
  0.0000000E+00 0.0000000E+00-0.2415179E-02-0.3073876E-02 0.0000000E+00 001000
  0.0000000E+00 0.0000000E+00 0.1574207E-02 0.7614005E-03 0.0000000E+00 000100
 -0.1250406E-08 0.1740704E-07 0.0000000E+00 0.0000000E+00-0.8967924E-05 200000
 -0.5198562E-09 0.5877609E-06 0.0000000E+00 0.0000000E+00-0.5850280E-03 110000
 -0.1123809E-07-0.2893684E-07 0.0000000E+00 0.0000000E+00-0.9591487E-02 020000
  0.0000000E+00 0.0000000E+00-0.9305021E-05-0.1282553E-04 0.0000000E+00 101000
  0.0000000E+00 0.0000000E+00-0.2985253E-03-0.4118497E-03 0.0000000E+00 011000
  0.1445934E-05 0.1165814E-05 0.0000000E+00 0.0000000E+00-0.4665973E-05 002000
  0.0000000E+00 0.0000000E+00-0.6786303E-05-0.3210966E-05 0.0000000E+00 100100
  0.0000000E+00 0.0000000E+00-0.2190825E-03-0.1045028E-03 0.0000000E+00 010100
 -0.1580029E-04-0.1152015E-04 0.0000000E+00 0.0000000E+00-0.8275305E-05 001100
  0.4316311E-07-0.1495745E-06 0.0000000E+00 0.0000000E+00-0.1172240E-03 000200
  0.9631615E-08-0.9335696E-08 0.0000000E+00 0.0000000E+00-0.8657842E-07 300000
  0.6780581E-06-0.1349434E-05 0.0000000E+00 0.0000000E+00-0.9451141E-05 210000
  0.1236627E-04-0.6037060E-04 0.0000000E+00 0.0000000E+00-0.3459188E-03 120000
  0.1387693E-04-0.8633278E-03 0.0000000E+00 0.0000000E+00-0.4250285E-02 030000
  0.0000000E+00 0.0000000E+00 0.1041784E-07 0.5440002E-07 0.0000000E+00 201000
  0.0000000E+00 0.0000000E+00 0.4637003E-06 0.3232019E-05 0.0000000E+00 111000
  0.0000000E+00 0.0000000E+00 0.3304277E-05 0.4664517E-04 0.0000000E+00 021000
 -0.1196229E-06-0.8641108E-07 0.0000000E+00 0.0000000E+00-0.5227252E-07 102000
 -0.3846486E-05-0.2797368E-05 0.0000000E+00 0.0000000E+00-0.1728978E-05 012000
  0.0000000E+00 0.0000000E+00-0.5885028E-07-0.4435795E-07 0.0000000E+00 003000
  0.0000000E+00 0.0000000E+00 0.1592978E-06 0.1469030E-06 0.0000000E+00 200100
  0.0000000E+00 0.0000000E+00 0.9197279E-05 0.8224092E-05 0.0000000E+00 110100
  0.0000000E+00 0.0000000E+00 0.1146999E-03 0.9217851E-04 0.0000000E+00 020100
  0.2462468E-06 0.1107357E-06 0.0000000E+00 0.0000000E+00-0.3231657E-06 101100
  0.7537608E-05 0.2732877E-05 0.0000000E+00 0.0000000E+00-0.1276390E-04 011100
  0.0000000E+00 0.0000000E+00-0.7446016E-06-0.9151402E-06 0.0000000E+00 002100
  0.1116297E-06-0.7296854E-07 0.0000000E+00 0.0000000E+00-0.6689971E-06 100200
  0.2168055E-05-0.8817687E-05 0.0000000E+00 0.0000000E+00-0.4483829E-04 010200
  0.0000000E+00 0.0000000E+00-0.1847650E-04-0.2315411E-04 0.0000000E+00 001200
  0.0000000E+00 0.0000000E+00-0.1963734E-03-0.2468410E-03 0.0000000E+00 000300
 ------------------------------------------------------------------------------
 -0.3752894     -3.038386     0.0000000E+00 0.0000000E+00 -11.86972     100000
 -0.2017546E-04 -2.664773     0.0000000E+00 0.0000000E+00 -11.44360     010000
  0.0000000E+00 0.0000000E+00 -8.050598     -10.24625     0.0000000E+00 001000
  0.0000000E+00 0.0000000E+00 0.1574207     0.7614005E-01 0.0000000E+00 000100
  0.0000000E+00 0.0000000E+00 0.0000000E+00 0.0000000E+00  1.000000     000010
   4.294423      3.139956     0.0000000E+00 0.0000000E+00  1.186856     000001
 -0.1389340E-01 0.1934116     0.0000000E+00 0.0000000E+00 -99.64360     200000
 -0.1732854E-03 0.1959203     0.0000000E+00 0.0000000E+00 -195.0093     110000
 -0.1123809E-03-0.2893684E-03 0.0000000E+00 0.0000000E+00 -95.91487     020000
  0.0000000E+00 0.0000000E+00 -103.3891     -142.5059     0.0000000E+00 101000
  0.0000000E+00 0.0000000E+00 -99.50842     -137.2832     0.0000000E+00 011000
   16.06593      12.95349     0.0000000E+00 0.0000000E+00 -51.84415     002000
  0.0000000E+00 0.0000000E+00 -2.262101     -1.070322     0.0000000E+00 100100
  0.0000000E+00 0.0000000E+00 -2.190825     -1.045028     0.0000000E+00 010100
  -5.266763     -3.840050     0.0000000E+00 0.0000000E+00 -2.758435     001100
   73.49684      59.35725     0.0000000E+00 0.0000000E+00  56.93677     100001
   71.98706      60.94827     0.0000000E+00 0.0000000E+00  66.61709     010001
  0.0000000E+00 0.0000000E+00  40.53628      37.42503     0.0000000E+00 001001
  0.4316311E-03-0.1495745E-02 0.0000000E+00 0.0000000E+00 -1.172240     000200
  0.0000000E+00 0.0000000E+00  19.19078      24.07630     0.0000000E+00 000101
  -5.800827     -3.253207     0.0000000E+00 0.0000000E+00 -3.032679     000002
   356.7265     -345.7665     0.0000000E+00 0.0000000E+00 -3206.608     300000
   753.3979     -1499.371     0.0000000E+00 0.0000000E+00 -10501.27     210000
   412.2089     -2012.353     0.0000000E+00 0.0000000E+00 -11530.63     120000
   13.87693     -863.3278     0.0000000E+00 0.0000000E+00 -4250.285     030000
  0.0000000E+00 0.0000000E+00  385.8460      2014.815     0.0000000E+00 201000
  0.0000000E+00 0.0000000E+00  515.2226      3591.132     0.0000000E+00 111000
  0.0000000E+00 0.0000000E+00  110.1426      1554.839     0.0000000E+00 021000
  -4430.477     -3200.410     0.0000000E+00 0.0000000E+00 -1936.019     102000
  -4273.874     -3108.186     0.0000000E+00 0.0000000E+00 -1921.087     012000
  0.0000000E+00 0.0000000E+00 -2179.640     -1642.887     0.0000000E+00 003000
  0.0000000E+00 0.0000000E+00  176.9976      163.2256     0.0000000E+00 200100
  0.0000000E+00 0.0000000E+00  306.5760      274.1364     0.0000000E+00 110100
  0.0000000E+00 0.0000000E+00  114.6999      92.17851     0.0000000E+00 020100
   273.6075      123.0396     0.0000000E+00 0.0000000E+00 -359.0730     101100
   251.2536      91.09591     0.0000000E+00 0.0000000E+00 -425.4633     011100
  0.0000000E+00 0.0000000E+00 -827.3351     -1016.822     0.0000000E+00 002100
   642.1231      309.1837     0.0000000E+00 0.0000000E+00  898.5365     200001
   1201.947      571.9225     0.0000000E+00 0.0000000E+00  1930.549     110001
   562.0094      264.0026     0.0000000E+00 0.0000000E+00  1028.575     020001
  0.0000000E+00 0.0000000E+00  1166.633      1199.526     0.0000000E+00 101001
  0.0000000E+00 0.0000000E+00  1224.159      1303.172     0.0000000E+00 011001
   57.09685     -60.77095     0.0000000E+00 0.0000000E+00  400.8932     002001
   3.720990     -2.432285     0.0000000E+00 0.0000000E+00 -22.29990     100200
   2.168055     -8.817687     0.0000000E+00 0.0000000E+00 -44.83829     010200
  0.0000000E+00 0.0000000E+00 -615.8833     -771.8037     0.0000000E+00 001200
  0.0000000E+00 0.0000000E+00  244.2544      334.0788     0.0000000E+00 100101
  0.0000000E+00 0.0000000E+00  237.4651      322.9075     0.0000000E+00 010101
  -64.32328     -51.90796     0.0000000E+00 0.0000000E+00  242.7619     001101
  -571.2064     -389.5710     0.0000000E+00 0.0000000E+00 -226.6620     100002
  -622.7648     -435.7174     0.0000000E+00 0.0000000E+00 -271.8497     010002
  0.0000000E+00 0.0000000E+00 -122.1999     -45.36187     0.0000000E+00 001002
  0.0000000E+00 0.0000000E+00 -196.3734     -246.8410     0.0000000E+00 000300
   12.32977      8.977106     0.0000000E+00 0.0000000E+00  4.167275     000201
  0.0000000E+00 0.0000000E+00 -74.93703     -63.62748     0.0000000E+00 000102
   14.68868     -2.585974     0.0000000E+00 0.0000000E+00  8.578858     000003
 ------------------------------------------------------------------------------
  0.3560477E-02-0.2977101E-04 0.0000000E+00 0.0000000E+00-0.4824096E-02 100000
  0.1003415     0.3576202E-05 0.0000000E+00 0.0000000E+00-0.1499116     010000
  0.0000000E+00 0.0000000E+00-0.8254284E-02 0.3152056E-02 0.0000000E+00 001000
  0.0000000E+00 0.0000000E+00 0.2578866E-02-0.1348237E-02 0.0000000E+00 000100
  0.2139113E-05-0.2204013E-05 0.0000000E+00 0.0000000E+00-0.9503246E-05 200000
  0.1230475E-03-0.1252602E-03 0.0000000E+00 0.0000000E+00-0.6178778E-03 110000
  0.1780109E-02-0.1779990E-02 0.0000000E+00 0.0000000E+00-0.1009684E-01 020000
  0.0000000E+00 0.0000000E+00-0.2605450E-04 0.1270277E-04 0.0000000E+00 101000
  0.0000000E+00 0.0000000E+00-0.8685748E-03 0.4077478E-03 0.0000000E+00 011000
 -0.7491195E-05-0.3128934E-05 0.0000000E+00 0.0000000E+00-0.2626503E-04 002000
  0.0000000E+00 0.0000000E+00-0.1436247E-04 0.5771573E-05 0.0000000E+00 100100
  0.0000000E+00 0.0000000E+00-0.4512643E-03 0.1868033E-03 0.0000000E+00 010100
  0.6261375E-04-0.1188876E-05 0.0000000E+00 0.0000000E+00-0.1531731E-04 001100
  0.2478705E-06-0.6311876E-06 0.0000000E+00 0.0000000E+00-0.1199134E-03 000200
  0.1560257E-07-0.1757131E-08 0.0000000E+00 0.0000000E+00-0.9368993E-07 300000
  0.3597136E-05-0.1805101E-06 0.0000000E+00 0.0000000E+00-0.1086235E-04 210000
  0.1935796E-03-0.6774411E-05 0.0000000E+00 0.0000000E+00-0.4185294E-03 120000
  0.3054286E-02-0.8998242E-04 0.0000000E+00 0.0000000E+00-0.5373081E-02 030000
  0.0000000E+00 0.0000000E+00 0.1376521E-06-0.6877982E-07 0.0000000E+00 201000
  0.0000000E+00 0.0000000E+00 0.8210631E-05-0.3868085E-05 0.0000000E+00 111000
  0.0000000E+00 0.0000000E+00 0.1184792E-03-0.5281446E-04 0.0000000E+00 021000
  0.6262234E-06 0.4538871E-07 0.0000000E+00 0.0000000E+00-0.4715996E-06 102000
  0.1951510E-04 0.1000289E-05 0.0000000E+00 0.0000000E+00-0.1501173E-04 012000
  0.0000000E+00 0.0000000E+00 0.3656909E-06 0.7516697E-06 0.0000000E+00 003000
  0.0000000E+00 0.0000000E+00 0.4405584E-06-0.1653457E-06 0.0000000E+00 200100
  0.0000000E+00 0.0000000E+00 0.2487575E-04-0.9424910E-05 0.0000000E+00 110100
  0.0000000E+00 0.0000000E+00 0.2896007E-03-0.1108061E-03 0.0000000E+00 020100
 -0.7481892E-06-0.7422678E-07 0.0000000E+00 0.0000000E+00-0.4035064E-07 101100
 -0.2029266E-04-0.1927615E-05 0.0000000E+00 0.0000000E+00-0.5104464E-05 011100
  0.0000000E+00 0.0000000E+00-0.2860400E-05 0.2582054E-06 0.0000000E+00 002100
  0.1709548E-06 0.4608675E-07 0.0000000E+00 0.0000000E+00-0.7023659E-06 100200
  0.3140102E-04 0.1058120E-05 0.0000000E+00 0.0000000E+00-0.5512156E-04 010200
  0.0000000E+00 0.0000000E+00-0.6220374E-04 0.2414156E-04 0.0000000E+00 001200
  0.0000000E+00 0.0000000E+00-0.6641936E-03 0.2545044E-03 0.0000000E+00 000300
 ------------------------------------------------------------------------------
   11.86826    -0.9923670E-01 0.0000000E+00 0.0000000E+00 -16.08032     100000
   10.03415     0.3576202E-03 0.0000000E+00 0.0000000E+00 -14.99116     010000
  0.0000000E+00 0.0000000E+00 -27.51428      10.50685     0.0000000E+00 001000
  0.0000000E+00 0.0000000E+00 0.2578866    -0.1348237     0.0000000E+00 000100
  0.0000000E+00 0.0000000E+00 0.0000000E+00 0.0000000E+00  1.000000     000010
  -16.56661      1.493424     0.0000000E+00 0.0000000E+00  8.111048     000001
   23.76792     -24.48903     0.0000000E+00 0.0000000E+00 -105.5916     200000
   41.01584     -41.75342     0.0000000E+00 0.0000000E+00 -205.9593     110000
   17.80109     -17.79990     0.0000000E+00 0.0000000E+00 -100.9684     020000
  0.0000000E+00 0.0000000E+00 -289.4944      141.1419     0.0000000E+00 101000
  0.0000000E+00 0.0000000E+00 -289.5249      135.9159     0.0000000E+00 011000
  -83.23550     -34.76593     0.0000000E+00 0.0000000E+00 -291.8337     002000
  0.0000000E+00 0.0000000E+00 -4.787491      1.923858     0.0000000E+00 100100
  0.0000000E+00 0.0000000E+00 -4.512643      1.868033     0.0000000E+00 010100
   20.87125    -0.3962921     0.0000000E+00 0.0000000E+00 -5.105771     001100
  -378.4033      83.34364     0.0000000E+00 0.0000000E+00  181.5041     100001
  -372.3930      73.58896     0.0000000E+00 0.0000000E+00  191.5365     010001
  0.0000000E+00 0.0000000E+00 -24.79572     -62.64606     0.0000000E+00 001001
  0.2478705E-02-0.6311876E-02 0.0000000E+00 0.0000000E+00 -1.199134     000200
  0.0000000E+00 0.0000000E+00  66.50864     -24.68892     0.0000000E+00 000101
   68.23424     -42.57794     0.0000000E+00 0.0000000E+00 -17.02721     000002
   577.8729     -65.07892     0.0000000E+00 0.0000000E+00 -3469.997     300000
   3996.818     -200.5667     0.0000000E+00 0.0000000E+00 -12069.28     210000
   6452.652     -225.8137     0.0000000E+00 0.0000000E+00 -13950.98     120000
   3054.286     -89.98242     0.0000000E+00 0.0000000E+00 -5373.081     030000
  0.0000000E+00 0.0000000E+00  5098.226     -2547.401     0.0000000E+00 201000
  0.0000000E+00 0.0000000E+00  9122.923     -4297.872     0.0000000E+00 111000
  0.0000000E+00 0.0000000E+00  3949.307     -1760.482     0.0000000E+00 021000
   23193.46      1681.063     0.0000000E+00 0.0000000E+00 -17466.65     102000
   21683.44      1111.432     0.0000000E+00 0.0000000E+00 -16679.70     012000
  0.0000000E+00 0.0000000E+00  13544.11      27839.62     0.0000000E+00 003000
  0.0000000E+00 0.0000000E+00  489.5094     -183.7175     0.0000000E+00 200100
  0.0000000E+00 0.0000000E+00  829.1916     -314.1637     0.0000000E+00 110100
  0.0000000E+00 0.0000000E+00  289.6007     -110.8061     0.0000000E+00 020100
  -831.3213     -82.47420     0.0000000E+00 0.0000000E+00 -44.83404     101100
  -676.4220     -64.25385     0.0000000E+00 0.0000000E+00 -170.1488     011100
  0.0000000E+00 0.0000000E+00 -3178.222      286.8949     0.0000000E+00 002100
  -1633.301      2172.948     0.0000000E+00 0.0000000E+00  1562.117     200001
  -3330.944      3901.064     0.0000000E+00 0.0000000E+00  3232.502     110001
  -1662.205      1748.422     0.0000000E+00 0.0000000E+00  1662.110     020001
  0.0000000E+00 0.0000000E+00  1250.372      2120.847     0.0000000E+00 101001
  0.0000000E+00 0.0000000E+00  1207.141      1414.245     0.0000000E+00 011001
  -8684.224     -5543.706     0.0000000E+00 0.0000000E+00  5807.013     002001
   5.698493      1.536225     0.0000000E+00 0.0000000E+00 -23.41220     100200
   31.40102      1.058120     0.0000000E+00 0.0000000E+00 -55.12156     010200
  0.0000000E+00 0.0000000E+00 -2073.458      804.7186     0.0000000E+00 001200
  0.0000000E+00 0.0000000E+00  659.8208     -372.0115     0.0000000E+00 100101
  0.0000000E+00 0.0000000E+00  669.0106     -355.3502     0.0000000E+00 010101
   418.0235      379.4502     0.0000000E+00 0.0000000E+00  1310.171     001101
   1687.722     -3084.427     0.0000000E+00 0.0000000E+00 -810.6836     100002
   2302.134     -2895.870     0.0000000E+00 0.0000000E+00 -1010.544     010002
  0.0000000E+00 0.0000000E+00 -1165.028     -2723.291     0.0000000E+00 001002
  0.0000000E+00 0.0000000E+00 -664.1936      254.5044     0.0000000E+00 000300
  -49.79351     0.3495398     0.0000000E+00 0.0000000E+00  9.932758     000201
  0.0000000E+00 0.0000000E+00  141.5478      150.8611     0.0000000E+00 000102
   990.7066      793.2717     0.0000000E+00 0.0000000E+00 -172.4537     000003
 ------------------------------------------------------------------------------
 -0.4186727E-04-0.2549054E-02 0.0000000E+00 0.0000000E+00-0.6078555E-02 100000
  0.1515291E-07-0.7165409E-01 0.0000000E+00 0.0000000E+00-0.1853882     010000
  0.0000000E+00 0.0000000E+00-0.5806347E-03 0.3516913E-02 0.0000000E+00 001000
  0.0000000E+00 0.0000000E+00-0.5837575E-03-0.1630932E-02 0.0000000E+00 000100
 -0.5334545E-05-0.6662201E-06 0.0000000E+00 0.0000000E+00-0.1168461E-04 200000
 -0.3005695E-03-0.4022021E-04 0.0000000E+00 0.0000000E+00-0.7414705E-03 110000
 -0.4234580E-02-0.6127675E-03 0.0000000E+00 0.0000000E+00-0.1185177E-01 020000
  0.0000000E+00 0.0000000E+00 0.1087797E-04 0.1618468E-04 0.0000000E+00 101000
  0.0000000E+00 0.0000000E+00 0.2945761E-03 0.5112054E-03 0.0000000E+00 011000
 -0.9300392E-05 0.2864665E-05 0.0000000E+00 0.0000000E+00-0.2947339E-04 002000
  0.0000000E+00 0.0000000E+00-0.3363495E-05 0.6089577E-05 0.0000000E+00 100100
  0.0000000E+00 0.0000000E+00-0.8489603E-04 0.2007432E-03 0.0000000E+00 010100
  0.2540178E-05-0.4342890E-04 0.0000000E+00 0.0000000E+00-0.3156372E-04 001100
 -0.1783883E-05-0.6444131E-06 0.0000000E+00 0.0000000E+00-0.1211236E-03 000200
 -0.1936894E-07-0.1084261E-07 0.0000000E+00 0.0000000E+00-0.1000466E-06 300000
 -0.1686535E-05-0.2552213E-05 0.0000000E+00 0.0000000E+00-0.1220020E-04 210000
 -0.5002947E-04-0.1381824E-03 0.0000000E+00 0.0000000E+00-0.4885882E-03 120000
 -0.5083185E-03-0.2186666E-02 0.0000000E+00 0.0000000E+00-0.6464412E-02 030000
  0.0000000E+00 0.0000000E+00 0.1722297E-07-0.8227050E-07 0.0000000E+00 201000
  0.0000000E+00 0.0000000E+00 0.1495892E-05-0.4551471E-05 0.0000000E+00 111000
  0.0000000E+00 0.0000000E+00 0.2868154E-04-0.6110390E-04 0.0000000E+00 021000
  0.4502754E-08-0.4460585E-06 0.0000000E+00 0.0000000E+00-0.7564704E-06 102000
 -0.4149376E-06-0.1402227E-04 0.0000000E+00 0.0000000E+00-0.2385317E-04 012000
  0.0000000E+00 0.0000000E+00 0.1948401E-05 0.1166032E-05 0.0000000E+00 003000
  0.0000000E+00 0.0000000E+00 0.4269353E-07-0.1818451E-06 0.0000000E+00 200100
  0.0000000E+00 0.0000000E+00 0.2276582E-05-0.1038901E-04 0.0000000E+00 110100
  0.0000000E+00 0.0000000E+00 0.2587965E-04-0.1221603E-03 0.0000000E+00 020100
 -0.1615010E-06 0.5614197E-06 0.0000000E+00 0.0000000E+00 0.1808577E-06 101100
 -0.4306217E-05 0.1528238E-04 0.0000000E+00 0.0000000E+00 0.8141115E-06 011100
  0.0000000E+00 0.0000000E+00-0.1904609E-05 0.8896535E-09 0.0000000E+00 002100
  0.6542202E-07-0.1079850E-06 0.0000000E+00 0.0000000E+00-0.7608093E-06 100200
  0.1538626E-05-0.2206811E-04 0.0000000E+00 0.0000000E+00-0.6608754E-04 010200
  0.0000000E+00 0.0000000E+00-0.3579385E-05 0.2706934E-04 0.0000000E+00 001200
  0.0000000E+00 0.0000000E+00-0.4489567E-04 0.2842659E-03 0.0000000E+00 000300
 ------------------------------------------------------------------------------
 -0.1395576     -8.496847     0.0000000E+00 0.0000000E+00 -20.26185     100000
  0.1515291E-05 -7.165409     0.0000000E+00 0.0000000E+00 -18.53882     010000
  0.0000000E+00 0.0000000E+00 -1.935449      11.72304     0.0000000E+00 001000
  0.0000000E+00 0.0000000E+00-0.5837575E-01-0.1630932     0.0000000E+00 000100
  0.0000000E+00 0.0000000E+00 0.0000000E+00 0.0000000E+00  1.000000     000010
   2.587263      12.33703     0.0000000E+00 0.0000000E+00  14.22614     000001
  -59.27272     -7.402446     0.0000000E+00 0.0000000E+00 -129.8290     200000
  -100.1898     -13.40674     0.0000000E+00 0.0000000E+00 -247.1568     110000
  -42.34580     -6.127675     0.0000000E+00 0.0000000E+00 -118.5177     020000
  0.0000000E+00 0.0000000E+00  120.8664      179.8298     0.0000000E+00 101000
  0.0000000E+00 0.0000000E+00  98.19204      170.4018     0.0000000E+00 011000
  -103.3377      31.82961     0.0000000E+00 0.0000000E+00 -327.4821     002000
  0.0000000E+00 0.0000000E+00 -1.121165      2.029859     0.0000000E+00 100100
  0.0000000E+00 0.0000000E+00-0.8489603      2.007432     0.0000000E+00 010100
  0.8467260     -14.47630     0.0000000E+00 0.0000000E+00 -10.52124     001100
   202.1539      242.3180     0.0000000E+00 0.0000000E+00  360.4182     100001
   174.4730      243.3020     0.0000000E+00 0.0000000E+00  360.7160     010001
  0.0000000E+00 0.0000000E+00 -269.0378     -111.3369     0.0000000E+00 001001
 -0.1783883E-01-0.6444131E-02 0.0000000E+00 0.0000000E+00 -1.211236     000200
  0.0000000E+00 0.0000000E+00  7.657951     -27.07158     0.0000000E+00 000101
  -131.4446     -22.47249     0.0000000E+00 0.0000000E+00 -78.76032     000002
  -717.3681     -401.5783     0.0000000E+00 0.0000000E+00 -3705.430     300000
  -1873.927     -2835.792     0.0000000E+00 0.0000000E+00 -13555.78     210000
  -1667.649     -4606.079     0.0000000E+00 0.0000000E+00 -16286.27     120000
  -508.3185     -2186.666     0.0000000E+00 0.0000000E+00 -6464.412     030000
  0.0000000E+00 0.0000000E+00  637.8877     -3047.056     0.0000000E+00 201000
  0.0000000E+00 0.0000000E+00  1662.102     -5057.190     0.0000000E+00 111000
  0.0000000E+00 0.0000000E+00  956.0514     -2036.797     0.0000000E+00 021000
   166.7687     -16520.69     0.0000000E+00 0.0000000E+00 -28017.42     102000
  -461.0418     -15580.30     0.0000000E+00 0.0000000E+00 -26503.52     012000
  0.0000000E+00 0.0000000E+00  72162.99      43186.37     0.0000000E+00 003000
  0.0000000E+00 0.0000000E+00  47.43726     -202.0501     0.0000000E+00 200100
  0.0000000E+00 0.0000000E+00  75.88607     -346.3002     0.0000000E+00 110100
  0.0000000E+00 0.0000000E+00  25.87965     -122.1603     0.0000000E+00 020100
  -179.4455      623.7997     0.0000000E+00 0.0000000E+00  200.9530     101100
  -143.5406      509.4127     0.0000000E+00 0.0000000E+00  27.13705     011100
  0.0000000E+00 0.0000000E+00 -2116.232     0.9885039     0.0000000E+00 002100
   7104.287      582.5298     0.0000000E+00 0.0000000E+00  3107.193     200001
   12555.89      1314.723     0.0000000E+00 0.0000000E+00  6178.246     110001
   5540.735      705.9729     0.0000000E+00 0.0000000E+00  3052.719     020001
  0.0000000E+00 0.0000000E+00 -16.70378      2963.936     0.0000000E+00 101001
  0.0000000E+00 0.0000000E+00 -1187.418      1900.736     0.0000000E+00 011001
  -6005.387      4877.056     0.0000000E+00 0.0000000E+00  11110.81     002001
   2.180734     -3.599501     0.0000000E+00 0.0000000E+00 -25.36031     100200
   1.538626     -22.06811     0.0000000E+00 0.0000000E+00 -66.08754     010200
  0.0000000E+00 0.0000000E+00 -119.3128      902.3112     0.0000000E+00 001200
  0.0000000E+00 0.0000000E+00 -359.2982     -481.6929     0.0000000E+00 100101
  0.0000000E+00 0.0000000E+00 -291.5667     -452.1286     0.0000000E+00 010101
   891.8205     -196.1868     0.0000000E+00 0.0000000E+00  1508.521     001101
  -10589.15     -75.33615     0.0000000E+00 0.0000000E+00 -3066.017     100002
  -9751.676     -547.6243     0.0000000E+00 0.0000000E+00 -3435.556     010002
  0.0000000E+00 0.0000000E+00 -4658.771     -4117.357     0.0000000E+00 001002
  0.0000000E+00 0.0000000E+00 -44.89567      284.2659     0.0000000E+00 000300
  -2.456311      34.34121     0.0000000E+00 0.0000000E+00  23.12229     000201
  0.0000000E+00 0.0000000E+00  692.8528      275.3912     0.0000000E+00 000102
   3079.875     -919.8651     0.0000000E+00 0.0000000E+00 -230.6931     000003
 ------------------------------------------------------------------------------
